8222;Raskintie;61.49872,24.04527
8224;Kalliolantie;61.4952,24.04733
1414;Soirokatu;61.52655,23.69449
8220;Hepolahti;61.50325,24.04443
8223;Raskintie;61.49936,24.04568
8221;Hepolahti;61.50355,24.04447
8225;Kalliolantie;61.49466,24.0477
5373;Terälahti;61.70702,23.89958
8226;Päkinmäki;61.4919,24.05332
5372;Terveystalo;61.70421,23.89825
1417;Lentävänniemen koulu;61.52727,23.69867
1416;Lentävänniemen koulu;61.5271,23.69981
5371;Terveystalo;61.7037,23.89766
5377;Etelä;61.73307,23.91383
5376;Terämaa;61.71098,23.90453
5375;Terämaa;61.71107,23.90441
5370;Uusi-Koverontie;61.69978,23.89121
5367;Tuhkuri;61.69425,23.87189
5374;Terälahti;61.70759,23.90018
5369;Uusi-Koverontie;61.69949,23.89021
5368;Tuhkuri;61.69453,23.87316
0534;Kastinsilta;61.50599,23.77393
1820;Lannemäki;61.51827,23.63675
1821;Lannemäki;61.51781,23.63479
0537;Paloasema;61.50127,23.76531
1822;Ylöjärventie;61.51955,23.64536
0536;Paloasema;61.50109,23.76501
0535;Kastinsilta;61.50634,23.7738
1823;Ylöjärventie;61.51915,23.64459
8216;Huhdintie;61.51503,24.03426
8218;Lahdensivuntie;61.51143,24.04294
8217;Huhdintie;61.51591,24.03358
8219;Lahdensivuntie;61.51184,24.04259
8214;Lakoniitty;61.51861,24.03345
8215;Lakoniitty;61.51867,24.0338
8210;Korvenperä;61.52362,24.03264
8212;Ruutanan koulu;61.5215,24.03457
8213;Ruutanan koulu;61.52144,24.03486
8211;Korvenperä;61.52388,24.03229
5360;Teisko kko th;61.67921,23.83234
5362;Maisansalo;61.69148,23.8255
5361;Teisko kko th;61.67838,23.83089
5364;Maisansalo th;61.68444,23.84602
0001;Keskustori M;61.49751,23.76151
5363;Maisansalo th;61.68391,23.84395
5366;Torpparinsuo;61.68745,23.85681
5365;Torpparinsuo;61.68807,23.85771
5358;Teiskola;61.67461,23.83018
5356;Mäkelänmaa;61.66863,23.82656
5357;Mäkelänmaa;61.66784,23.82568
0002;Keskustori L;61.49756,23.76148
0541;Tammelantori;61.50219,23.77929
5359;Teiskola;61.67387,23.82928
0540;Tammelankatu;61.49985,23.77987
0543;Parantolankatu;61.50771,23.77808
0005;Keskustori P;61.4974,23.76154
0542;Tammelantori;61.5021,23.77971
0545;Tapionkatu;61.50399,23.77933
0546;Tapionkatu;61.50399,23.77961
0003;Keskustori A;61.49761,23.75851
0549;Koiratori;61.50539,23.77824
8209;Lakolammentie;61.52619,24.02146
0008;Keskustori N;61.49746,23.76153
0007;Keskustori O;61.49734,23.76154
8207;Ruutana;61.52721,24.0176
8208;Lakolammentie;61.52583,24.02426
8206;Ruutana;61.52669,24.01858
8205;Leppätie;61.52921,24.00978
5355;Toijakylä;61.66257,23.82208
5354;Toijakylä;61.66326,23.82292
5353;Poukka;61.65903,23.82041
5351;Taulaniemi th;61.65215,23.82011
5352;Poukka;61.65962,23.82084
8240;Jussila;61.51517,24.00774
5350;Taulaniemi th;61.65287,23.82049
0511;Itsenäisyydenkatu 13;61.49907,23.78123
5349;Ripovuoret;61.64746,23.81824
0510;Itsenäisyydenkatu 10;61.49887,23.78125
5348;Ripovuoret;61.64812,23.81883
5347;Ripojärvi;61.64267,23.82131
5345;Kuusjärvi th;61.63791,23.82567
8238;Ratavartijantie;61.51908,24.00951
0519;Koskipuisto I;61.49751,23.76606
5346;Ripojärvi;61.64328,23.82116
0517;Koskipuisto H;61.49773,23.76562
8239;Ratavartijantie;61.51951,24.01001
0518;Koskipuisto E;61.49756,23.76536
0516;Itsenäisyydenkatu 16;61.49892,23.78536
0514;Koskipuisto G;61.49724,23.76606
0513;Itsenäisyydenkatu 25;61.49909,23.78487
8232;Jussila th;61.52665,24.01756
8231;Riitinmäentie;61.48538,24.05504
8230;Riitinmäentie;61.48469,24.05464
8237;Salotie;61.5228,24.01303
8236;Salotie;61.52255,24.0125
8234;Iskelä;61.52538,24.01577
5342;Koivuniemi;61.63419,23.82796
8235;Iskelä;61.52544,24.01619
5341;Aunessilta;61.6325,23.83731
5344;Kuusjärvi th;61.63897,23.82509
5339;Kämmenniemi;61.62964,23.83803
0522;Linja-autoasema;61.49361,23.77022
0520;Koskipuisto F;61.49737,23.76573
5338;Kämmenniemi;61.62973,23.83821
5343;Koivuniemi;61.63368,23.82817
5340;Aunessilta;61.63236,23.8381
0521;Linja-autoasema;61.49362,23.7695
5334;Mikkolanniemi;61.62611,23.84692
0523;Linja-autoasema;61.4938,23.77054
5335;Mikkolanniemi;61.62609,23.84823
5336;Paavola th;61.62834,23.83975
5337;Paavola th;61.62772,23.84055
8229;Leppämäentie;61.4887,24.05608
0529;Klassillinen koulu;61.50112,23.7707
8227;Päkinmäki;61.49246,24.05276
0525;Viinikan liittymä;61.49047,23.78035
8228;Leppämäentie;61.48805,24.05571
1450;Prisma Lielahti;61.51909,23.6654
0524;Tampereen valtatie;61.49133,23.77215
5333;Mutikonlahti;61.62631,23.85377
5330;Salama;61.62638,23.86269
5331;Salama;61.6258,23.86433
5332;Mutikonlahti;61.62666,23.85258
5326;Iso-Kartano;61.61518,23.87675
5325;Nuorajärvi;61.60803,23.87534
5324;Nuorajärvi;61.60702,23.87497
8500;Maatiala;61.4826,23.55339
0573;Rautatieasema E;61.49938,23.77178
5323;Kolunkylä;61.60244,23.87264
8501;Maatiala;61.48178,23.55528
5329;Värmälä;61.62204,23.86926
5328;Värmälä;61.62242,23.8692
5313;Eerola;61.58506,23.8686
5321;Kolunkylä;61.60246,23.87196
5322;Kolunkylä;61.60356,23.8733
0575;Rautatieasema B;61.49855,23.77123
5327;Iso-Kartano;61.61448,23.87648
5320;Kannisto;61.60014,23.87179
5312;Vääräjärvi;61.57982,23.86987
5317;Nokiniitty;61.59658,23.87081
5314;Eerola;61.58595,23.86891
0583;Tammelan puistokatu 34;61.49954,23.77949
5315;Urponmaa;61.59262,23.8699
5319;Kannisto;61.59972,23.8714
5316;Urponmaa;61.59312,23.87035
7570;Sitarinkuja;61.30501,23.74208
5310;Vähäranta;61.57341,23.8834
5318;Nokiniitty;61.59649,23.87101
5311;Vääräjärvi;61.5791,23.8702
7572;Aittapolku;61.30767,23.74039
7573;Haurala;61.30999,23.74013
1808;Pihtisulunkatu;61.50307,23.57475
8200;Laureenintie;61.53036,23.99998
8202;Honkatie;61.52938,24.0056
8201;Laureenintie;61.53064,23.99901
7571;Aittapolku;61.30723,23.74043
1809;Sandvik;61.50672,23.57303
8203;Honkatie;61.52995,24.00406
1807;Pihtisulunkatu 1;61.50323,23.57447
8204;Leppätie;61.5286,24.01087
1806;Kolmihaarankatu 6;61.50295,23.57882
1805;Kolmihaarankatu 7;61.50296,23.58068
1804;Kolmihaarankatu 4;61.50324,23.58266
8901;Haapaniemi;61.40351,23.99126
8900;Haapaniemi;61.40355,23.99028
1803;Kolmihaarankatu 5;61.50322,23.58405
8902;Mikkolantie;61.39975,23.99795
8903;Mikkolantie;61.40032,23.99805
1802;Kalkun kehätie;61.50356,23.58642
1801;Kalkun kehätie;61.50352,23.58735
0557;Kalevan puistotie 6;61.50423,23.78624
8904;Mustalahdentie;61.39555,23.99667
5309;Vähäranta;61.57284,23.88385
8905;Mustalahdentie;61.39626,23.99795
8906;Pohjanperä;61.38957,23.99835
7568;Toimintakeskus;61.30346,23.74559
5308;Eerolansuora th;61.563,23.90523
0555;Tammelan koulu;61.50161,23.78666
0556;Tammelan koulu;61.5023,23.78698
5305;Eerolansuora th;61.56265,23.90815
5306;Eerolansuora th;61.56341,23.90681
8908;Rantalantie;61.38542,24.00637
7567;Toimintakeskus;61.30336,23.74739
8907;Pohjanperä;61.39062,23.99808
7569;Sitarinkuja;61.30454,23.74196
8909;Rantalantie;61.38569,24.00542
5304;Kiviojantie;61.55871,23.92483
8520;Nokian asema D;61.48114,23.5018
8522;Nokian asema A;61.48108,23.50141
5303;Kiviojantie;61.5582,23.92635
0550;Koiratori;61.5055,23.77743
7561;Kuokatinmäki;61.31169,23.75338
7562;Kuokatinmäki;61.31168,23.75295
8505;Nokian kirkko;61.48028,23.53123
1409;Lielahden koulu;61.52032,23.67003
8503;Kennonnokka;61.48192,23.54136
8504;Nokian kirkko;61.48046,23.53108
7560;Lempäälä;61.3146,23.75218
7565;Sulkola;61.3057,23.75058
7563;Kanava;61.3082,23.75253
8502;Kennonnokka;61.48205,23.54086
7566;Sulkola;61.30433,23.74873
8507;Nokian lukio;61.48061,23.51981
8508;Kylmäojanpuisto;61.48145,23.51219
7564;Kanava;61.30857,23.75221
8509;Kylmäojanpuisto;61.48125,23.51236
8506;Nokian lukio;61.48092,23.51848
8910;Papinsaarentie;61.38158,24.02049
8919;Kokonniemi;61.37066,24.04588
7558;Lempäälän terveyskeskus;61.31737,23.75048
8912;Murtoniementie;61.37891,24.0247
8916;Kokojärvi;61.37233,24.03447
8914;Alhontie;61.37584,24.02927
8911;Papinsaarentie;61.38213,24.02007
0566;Yliopisto;61.49493,23.78147
0565;Yliopisto;61.49514,23.78135
0564;Yliopisto;61.49497,23.77908
7559;Lempäälä;61.31429,23.75268
7556;Lempäälän työväentalo;61.32083,23.7481
7557;Lempäälän terveyskeskus;61.31778,23.75085
8915;Alhontie;61.37578,24.03031
8913;Murtoniementie;61.3793,24.02421
8511;Tyttölä;61.48342,23.50703
8917;Kokojärvi;61.37213,24.03517
0561;Tampere-talo;61.49671,23.77995
0560;Yliopistonkatu;61.49854,23.77957
8512;Härkitie;61.48141,23.51014
0562;Tampere-talo;61.49637,23.77967
0563;Yliopisto;61.49471,23.77775
8918;Kokonniemi;61.37091,24.0443
8510;Tyttölä;61.48356,23.50712
6017;Harjutie;61.53685,23.60364
6016;Harjutie;61.53735,23.60386
6018;Tornitie;61.53966,23.60242
6019;Tornitie;61.53924,23.60234
8924;Viiritie;61.35505,24.05147
8925;Viiritie;61.35573,24.05165
8926;Kaarina Maununtyttären tie1820;61.34999,24.04631
8927;Kaarina Maununtyttären tie1820;61.35032,24.04778
8929;Ojalantie;61.34357,24.05139
8923;Metsäpellontie;61.35999,24.04949
8928;Ojalantie;61.34321,24.05151
8922;Metsäpellontie;61.3595,24.04949
6025;Ylöjärvi Matkatie;61.54869,23.59801
8921;Kuohenmaa;61.36703,24.05212
8930;Valkeakosken raja;61.33914,24.05508
8920;Kuohenmaa;61.36776,24.05096
6020;Erkontie;61.54604,23.59288
6021;Erkontie;61.54559,23.59293
3200;Muotialantie 64;61.47713,23.82027
3201;Muotialantie 67;61.47694,23.82032
6007;Kallenkuja;61.52675,23.60779
6008;Käyräkuja;61.52917,23.60167
6009;Käyräkuja;61.52894,23.60292
6006;Kallenkuja;61.52734,23.6072
6005;Kaivokuja;61.52487,23.61414
8931;Valkeakosken raja;61.33876,24.05627
6012;Särkitie;61.53243,23.60049
6013;Särkitie;61.5323,23.59969
6015;Pohjanpolku;61.5342,23.60233
6014;Pohjanpolku;61.5346,23.60317
8940;Kangasalan ammattiopisto;61.44863,24.10665
6010;Tanhuatie;61.53023,23.59732
6011;Tanhuatie;61.53021,23.59697
6000;Palstatie;61.52553,23.62378
6001;Palstatie;61.52536,23.62346
3699;Hervantakeskus;61.45063,23.84961
6002;Hatolantie;61.52583,23.61741
6003;Hatolantie;61.52568,23.61754
6004;Kaivokuja;61.52502,23.61403
2506;Hatanpään vt 31;61.48303,23.76232
3639;Vuoreskeskus;61.43182,23.80964
2507;Hatanpään vt 42;61.48294,23.76297
2505;Verotalo;61.48636,23.7668
2509;Vihilahti;61.47963,23.76363
2508;Vihilahti;61.48056,23.76299
3631;Mäyränmäki;61.43287,23.83012
3637;Näyttämönkatu;61.44273,23.86268
2503;Viinikanlahti;61.48845,23.77081
3635;Vuoreksen koulu;61.43054,23.81566
2502;Hatanpään vt 25;61.48598,23.76475
2501;Hatanpään vt 24;61.491,23.77149
2500;Viinikanlahti;61.48958,23.77101
3633;Hermia;61.4496,23.87165
0508;Rautatieasema D;61.49866,23.77249
0504;Rautatieasema C;61.49837,23.77095
0505;Rautatieasema A;61.49852,23.77061
0502;Koskipuisto D;61.49806,23.76652
0500;Koskipuisto C;61.49794,23.76558
3650;Korkinmäenkatu;61.47437,23.82528
0509;Itsenäisyydenkatu 3;61.499,23.77814
0501;Koskipuisto A;61.49815,23.76511
2516;Talvitie;61.47005,23.74827
2515;Kannistonkatu;61.47114,23.75499
2518;Leirintäkatu;61.47019,23.74097
3649;Tuotekatu;61.45841,23.78685
2510;Hatanpään koulu;61.47504,23.76398
3646;Eero Roineen katu;61.44297,23.8726
3643;Virolainen;61.43763,23.81218
2511;Hatanpään koulu;61.47527,23.76442
2517;Talvitie;61.46991,23.75067
3641;Rimmi;61.43426,23.8081
2519;Leirintäkatu;61.47012,23.74164
3642;Hervantakeskus;61.45062,23.84924
2514;Kannistonkatu;61.4714,23.75508
2512;Rantaperkiö;61.47345,23.75971
2513;Rantaperkiö;61.47299,23.75899
3647;Västinginmäki;61.45315,23.79918
2529;Hatanpään hovi;61.4769,23.76714
2528;Hatanpään hovi;61.47682,23.76497
2525;Sarvis;61.48604,23.7614
2526;Sarvis;61.48622,23.76244
2524;Valmetinkatu;61.47062,23.72613
2527;Hatanpään sairaala;61.48428,23.75764
2521;Härmälän koulu;61.47048,23.73373
3651;Korkinmäenkatu;61.47408,23.82416
2520;Härmälän koulu;61.47061,23.73265
3653;Laulunmaankatu;61.47683,23.82674
3652;Laulunmaankatu;61.47718,23.82732
3723;Orivedenkatu;61.45539,23.84645
3721;Kanjoninkatu;61.45734,23.84552
3729;Shell Hervanta;61.4577,23.84734
3728;Hervannan valtaväylä;61.45788,23.84646
3727;Kauhakorvenkatu 5;61.4519,23.87106
3710;Työpajanraitti;61.45748,23.86555
3713;Itä-Hervanta;61.46002,23.86865
3712;Hepolamminkatu;61.45974,23.86397
3711;Hepolamminkatu;61.45966,23.86381
3718;Kanjoninkatu;61.45727,23.84523
3715;Hermiankatu 7;61.44822,23.86207
3714;Hermiankatu 22;61.44967,23.86956
4602;Vatiala;61.47543,23.97757
3716;Ahvenisraitti;61.44962,23.84382
3717;Ahvenisraitti;61.44979,23.84381
7070;Koulukeskus;61.46082,23.6444
7071;Koulukeskus;61.4612,23.64396
4600;Vatiala;61.47561,23.97756
7074;Hakatie;61.45727,23.6528
7072;Puuhkalakki;61.45935,23.64887
7075;Hakatie;61.45797,23.65195
7073;Puuhkalakki;61.4598,23.64813
7076;Sienimetsäntie;61.45596,23.65806
7078;Erämiehentie;61.4527,23.66027
7077;Sienimetsäntie;61.4556,23.65902
7079;Erämiehentie;61.45269,23.66053
7039;Perkiöntie;61.46672,23.62914
7041;Kyösti;61.46739,23.62088
7049;Kyöstinpolku;61.46042,23.61891
7040;Kyösti;61.46754,23.61921
7048;Kyöstinpolku;61.46019,23.61928
7047;Lehtimäentie;61.46256,23.61384
7045;Haapatie;61.46454,23.61039
7044;Taitajankuja;61.46392,23.61082
7046;Kunnan varasto;61.46208,23.61436
7043;Turri;61.46691,23.61066
7042;Turri;61.46686,23.60943
3731;Vaajakatu;61.45337,23.85046
3730;Vaajakatu;61.45323,23.84982
3732;Kylmäsuonkatu;61.45158,23.85199
3733;Hervannan valtaväylä;61.45226,23.85193
3737;Tieteenkatu 7;61.45486,23.85018
3734;TTY;61.449,23.85376
3735;TTY;61.44975,23.85422
3736;Tieteenkatu 8;61.45501,23.84943
7057;Teollisuustie;61.44885,23.63584
7050;Vasamapolku;61.45913,23.6236
7051;Vasamapolku;61.45945,23.62339
7052;Valimotie;61.45406,23.62583
7053;Valimotie;61.45459,23.62516
7055;Metallitie;61.45064,23.63202
7054;Ahvenistontie;61.4504,23.63201
3706;Kauhakorvenkatu;61.45066,23.87014
3704;Hermiankatu 20;61.4481,23.86208
3703;Hermiankatu 3;61.44751,23.85895
3709;Työpajanraitti;61.45734,23.86543
7085;Hopeatäplä;61.45366,23.64733
3702;Hermiankatu 8;61.44721,23.85821
3708;Kytömaankatu;61.45443,23.86713
3701;Hermiankatu;61.45008,23.86954
7084;Hopeatäplä;61.45362,23.64784
7086;Pirkkalan jäähalli;61.4565,23.64257
3707;Kytömaankatu;61.45454,23.86684
7082;Kirjosiipi;61.45257,23.65095
7080;Amiraali;61.45177,23.6568
7081;Amiraali;61.45155,23.65759
7083;Kirjosiipi;61.45224,23.65114
7095;Prunnintie;61.4602,23.67302
7096;Linnakallio;61.45632,23.68683
7093;Aittokorventie;61.46303,23.66699
7094;Prunnintie;61.46055,23.67298
7090;Kukkulantie;61.46594,23.65973
7091;Kukkulantie;61.4651,23.66029
7092;Aittokorventie;61.46344,23.66679
7534;Itkukallio;61.3661,23.77966
7536;Ruskea-ahde;61.36089,23.77812
7535;Ruskea-ahde;61.36063,23.77882
7537;Lohikallio;61.3568,23.77821
7538;Lohikallio;61.3564,23.77728
8530;Nokian ammattiopisto;61.48565,23.51232
8532;Kankaantaankatu;61.48608,23.52121
8533;Kankaantaankatu;61.48605,23.52323
8531;Nokian ammattiopisto;61.48572,23.51083
8534;Kankaantaka;61.48628,23.52995
7539;Hattulanmäki;61.35172,23.77205
7540;Hattulanmäki;61.3523,23.77177
7542;Moisionjoki;61.35037,23.76589
8524;Nokian asema C;61.48101,23.50155
7541;Moisionjoki;61.35032,23.76698
8528;Nokian asema E;61.48049,23.50161
8526;Nokian asema B;61.4812,23.50164
7544;Moision koulu;61.34607,23.757
7543;Moision koulu;61.34583,23.75744
7548;Hakkari;61.33586,23.75049
7547;Hakkari;61.33602,23.75174
7546;Pysäkkitie;61.34075,23.75377
7545;Pysäkkitie;61.33983,23.75411
8537;Pajakatu;61.48836,23.52953
7550;Kuokkala;61.33186,23.74909
7551;Majauslahti;61.32596,23.74914
7549;Kuokkala;61.33221,23.74985
8538;Öljytie;61.49095,23.53315
8535;Kankaantaka;61.48601,23.52952
8536;Pajakatu;61.48839,23.52992
7555;Lempäälän työväentalo;61.32037,23.74908
7553;Harakkala;61.32371,23.74847
7554;Harakkala;61.32335,23.74791
7552;Majauslahti;61.32537,23.74798
7516;Ahonperä;61.40411,23.76308
8554;Perkiönkatu;61.49408,23.52861
8539;Öljytie;61.49109,23.53288
7518;Kukonkivi;61.40004,23.76671
7519;Saviahde;61.3973,23.77235
7517;Kukonkivi;61.40144,23.76547
8555;Perkiönkatu;61.49337,23.52758
7512;Sääksjärven koulu;61.41473,23.75997
7513;Kurjentaival;61.41085,23.76186
7514;Kurjentaival;61.40977,23.76148
7522;Veräjätausta;61.39144,23.77743
7515;Ahonperä;61.40492,23.76332
7520;Saviahde;61.39827,23.77037
7521;Veräjätausta;61.39201,23.77774
7529;Kuljun koulu;61.37728,23.77681
8567;Rapinkorventie;61.49508,23.53032
7527;Kuljun kartano;61.38,23.77956
0596;Kelloportinkatu;61.50177,23.76411
8565;Ilkan alue;61.49174,23.523
7528;Kuljun kartano;61.381,23.77933
8564;Ilkan alue;61.49176,23.5243
7525;Kuljun asematie;61.38337,23.78056
8562;Pajakallionkatu;61.49084,23.51925
7523;Kuljun työväentalo;61.38757,23.78165
7526;Kuljun asematie;61.38306,23.77992
8563;Pajakallionkatu;61.49098,23.51732
7533;Itkukallio;61.36659,23.7807
8561;Halimaa;61.49073,23.51359
8560;Halimaa;61.49061,23.51362
7532;Kukkolanmäki;61.37335,23.77577
7531;Kukkolanmäki;61.37296,23.77686
7524;Kuljun työväentalo;61.38785,23.78113
7020;Nuijamiehentie;61.45539,23.64119
7530;Kuljun koulu;61.37654,23.77556
7021;Pirkkalan jäähalli;61.45618,23.64195
7022;Teollisuustie;61.44799,23.63769
7023;Vaitti;61.44848,23.63875
7024;Heikkiläntie;61.44509,23.63386
7025;Keskisentie;61.44534,23.6346
7027;Koivisto;61.43966,23.63169
7026;Koivisto;61.43899,23.6311
8570;Villa Silva;61.48551,23.503
8571;Villa Silva;61.48532,23.50287
8572;Myllyhaka;61.48752,23.49552
8573;Myllyhaka;61.48738,23.49535
8577;Lähdekorpi;61.49099,23.49607
8576;Lähdekorpi;61.49121,23.49642
8578;Notkotie;61.49472,23.49369
8569;Kankaantaan koulu;61.48595,23.51931
7500;Marjamäenkatu;61.43399,23.74946
7018;Terveyskeskus;61.46273,23.6398
7017;Suupantori;61.46546,23.64219
7031;Sorkkala;61.43045,23.62164
7033;Pauni;61.42657,23.61354
7019;Tommila;61.46338,23.64052
7504;Rajasilta;61.4273,23.75269
7038;Perkiöntie;61.46702,23.62858
7032;Pauni;61.42624,23.61283
7037;Ollila;61.46671,23.6414
8580;Pitkäkorventie;61.49435,23.48708
7509;Karhumäki;61.41878,23.75528
8581;Pitkäkorventie;61.49439,23.4883
7036;Niemenmaa;61.46702,23.64028
8585;Valimokatu;61.49186,23.47954
7503;Rajasilta;61.4278,23.75305
7035;Lentoasema;61.42064,23.61443
8584;Valimokatu;61.49194,23.47914
8582;Lähdeniitty;61.49358,23.48284
8583;Lähdeniitty;61.49349,23.48329
8588;Torvisienenkatu;61.48432,23.47112
7501;Marjamäenkatu;61.43412,23.7498
7508;Vikkiniitty;61.42155,23.75302
7030;Sorkkala;61.43032,23.62066
7507;Vikkiniitty;61.42176,23.75342
8589;Torvisienenkatu;61.48455,23.47177
8586;Taka-Lauttala;61.4877,23.47725
7506;Lampipolku;61.42388,23.75282
8587;Taka-Lauttala;61.48764,23.4776
7505;Lampipolku;61.42519,23.7533
8579;Notkotie;61.49459,23.49354
7510;Karhumäki;61.41775,23.75616
7511;Sääksjärven koulu;61.41567,23.75939
7028;Lasikaari;61.43441,23.62775
7002;Pakkalankulma;61.47001,23.70977
7029;Lasikaari;61.43487,23.62875
7003;Pakkalankulma;61.4699,23.71288
8590;Metsäsepänpuisto;61.48065,23.46898
7004;Hannunpolku;61.4708,23.6974
8591;Metsäsepänpuisto;61.48065,23.4698
7005;Hannunpolku;61.47058,23.69801
7000;Karhumäki;61.4702,23.72092
7001;Karhumäki;61.46994,23.71974
8597;Koppelonkatu;61.47674,23.45614
8598;Harjuniitty;61.47215,23.45336
5379;Eteläpohja;61.73853,23.91627
8596;Koppelonkatu;61.47674,23.4558
5378;Etelä;61.73228,23.91364
5382;Velaatta;61.74485,23.92049
5383;Salmensilta;61.74725,23.9236
5381;Velaatta;61.74511,23.92044
5384;Salmensilta;61.7474,23.92429
5387;Ilvesjoki;61.76149,23.95769
5385;Särkänperä;61.75652,23.94771
5388;Ilvesjoki;61.76166,23.95847
5386;Särkänperä;61.75671,23.94867
5380;Eteläpohja;61.73895,23.9168
7015;Pirkkala;61.4659,23.64734
7016;Suupantori;61.46559,23.64216
7014;Pirkkala;61.46606,23.64778
7011;Haikka;61.46867,23.66973
7013;Kurikka;61.46737,23.6577
7012;Kurikka;61.46747,23.65673
5389;Murole th;61.76969,23.97842
7010;Haikka;61.46893,23.66869
5392;Kaanaa;61.77408,23.989
5393;Mäntylä;61.78218,24.00524
7008;Loukonlahti;61.46926,23.68279
5390;Murole th;61.76989,23.97937
7009;Killo;61.46927,23.6841
5394;Mäntylä;61.7827,24.00689
7007;Nuolialan koulu;61.47001,23.6896
7006;Nuolialan koulu;61.4701,23.68884
5391;Kaanaa;61.7736,23.98749
8121;Seppämestarintie;61.49246,24.00044
8122;Kangasalan asema th;61.49514,23.99424
8125;Kangasalan asema th;61.49514,23.99347
8127;Luottamusmiehentie;61.49209,23.98971
8118;Seppämestarintie;61.49242,24.00187
8117;Metsäkulma;61.49098,24.00785
8126;Luottamusmiehentie;61.49256,23.99043
1720;Korvenkatu 32;61.49957,23.62362
8600;Nokian terveyskeskus;61.47934,23.50311
5221;Sorilan koulu;61.55522,23.93163
5220;Vt9 ramppi;61.53211,23.95225
8111;Papinojantie;61.48165,24.02878
8114;Kortesuontie;61.48852,24.01271
8116;Metsäkulma;61.49073,24.00804
8115;Kortesuontie;61.48951,24.01165
8110;Papinojantie;61.48112,24.02974
8113;Otsolantie;61.48607,24.01642
8112;Otsolantie;61.48563,24.01685
8108;Tursola;61.47647,24.03732
8107;Mäntyveräjä;61.4706,24.05648
1712;Kohmankaari 2;61.50404,23.63681
8109;Tursola;61.47749,24.03577
5217;Sorila;61.55465,23.93585
5218;Sorila;61.55509,23.93549
1710;Ikurintie 57;61.50957,23.59366
5213;Heinontie;61.54244,23.93955
5214;Rauhalantie;61.5441,23.93943
5215;Sorilanjoenahde;61.54808,23.93832
5252;Kaupin sairaala;61.50699,23.78774
5216;Kantapartolantie;61.54849,23.93881
5251;Ahkionkatu;61.50634,23.92414
5250;Metsästäjänkatu;61.50367,23.90554
8103;Lepokodintie;61.46775,24.06358
1703;Heinämiehentie;61.51269,23.60706
5253;UKK-instituutti;61.51336,23.8069
1704;Ikurintie 61;61.51214,23.59537
1701;Kohmankaari 3;61.50388,23.63669
8104;Mäntyveräjä;61.47023,24.0579
8101;Urheilutie;61.46443,24.07208
8102;Lepokodintie;61.46765,24.06331
1702;Heinämiehentie;61.51279,23.60737
1706;Tyvikatu;61.51574,23.60701
5248;Kelkkakatu;61.50145,23.9141
8635;Ruskeepää;61.46426,23.48687
5249;Atala;61.50789,23.92032
1700;Ikurintie 85;61.51503,23.59682
8634;Ruskeepää;61.46416,23.48701
8636;Kalhunkatu;61.46351,23.48089
8639;Ristiveräjä;61.46448,23.47832
8637;Kalhunkatu;61.46373,23.48051
8638;Ristiveräjä;61.46462,23.47844
9201;Kaupantie L;61.50762,24.84
8641;Nikkarinkatu;61.46622,23.48899
9205;Pappistentie L;61.52043,24.88176
8640;Nikkarinkatu;61.46626,23.48845
8642;Ahteensivu;61.46789,23.49786
9203;Kaiholantie L;61.51396,24.85524
8643;Ahteensivu;61.46789,23.49872
9207;Liehu th L;61.51946,24.89412
8644;Tiesenmäki;61.469,23.50205
8625;Keho;61.45617,23.5034
8626;Menkala;61.45968,23.50353
9209;Rajalanlahti L;61.51695,24.90425
8624;Keho;61.45602,23.50304
8629;Ilveskatu;61.45962,23.49832
8623;Pähkinämäentie;61.45744,23.50767
8628;Ilveskatu;61.45946,23.49854
9211;Kangasalan raja L;61.51177,24.93236
9213;Riihilahti L;61.51109,24.93787
8632;Kenttäkatu;61.46137,23.48977
8627;Menkala;61.45995,23.50303
8633;Kenttäkatu;61.46141,23.49006
9215;Sappee L;61.51345,24.97665
8631;Koskenmäen koulu;61.45971,23.49412
8630;Koskenmäen koulu;61.45952,23.49414
8617;Päivärinteentie;61.46242,23.51693
8616;Päivärinteentie;61.46269,23.51658
5211;Lintukalliontie;61.53768,23.94153
8619;Räikäntie;61.46073,23.51252
8618;Räikäntie;61.46067,23.51134
8613;Eden;61.46826,23.52501
5212;Lintukalliontie;61.53837,23.94142
8614;Vihola;61.46547,23.5191
8615;Vihola;61.46551,23.51953
8612;Eden;61.4686,23.52491
5210;Vastarannankatu;61.53089,23.95309
5205;Olkahinen;61.52247,23.95055
5204;Ojala;61.51866,23.94647
8620;Piilenmäenkatu;61.45852,23.50982
5203;Kolmala;61.51674,23.93712
8621;Piilenmäenkatu;61.45862,23.51022
5202;Kolmala;61.51705,23.94053
8622;Pähkinämäentie;61.45741,23.50705
5209;Vastarannankatu;61.52955,23.95301
5208;Lennosto;61.52693,23.95447
5207;Lennosto;61.52576,23.95431
5206;Olkahinen;61.52234,23.95071
8609;Nuijamiestentie;61.46692,23.50749
8607;Orelinkatu;61.46796,23.50431
8608;Nuijamiestentie;61.46696,23.50801
8606;Orelinkatu;61.46797,23.5038
8605;Kumitehdas;61.47371,23.50578
8604;Kumitehdas;61.47393,23.50531
8603;Pirkkalaistori;61.4778,23.51012
8601;Nokian terveyskeskus;61.47965,23.50277
5201;Aitolahdentie 145;61.5174,23.94174
8602;Pirkkalaistori;61.47754,23.51009
5200;Kumpula;61.51501,23.92817
8610;Viholanraitti;61.46852,23.51313
9241;Poikkijärventie E;61.54347,25.15946
9245;Pukkalantie L;61.5589,25.17067
9243;Kokonniementie L;61.55822,25.166
8611;Viholanraitti;61.46867,23.51227
9239;Poikkijärvi E;61.53935,25.16116
9250;Kuhmoinen MH;61.56859,25.18222
9227;Mustikka L;61.52232,25.08718
8190;Laureeninkallio;61.52961,23.99826
9225;Terrikallio L;61.52118,25.0681
9221;Katajajärvi L;61.52178,25.03254
9247;Papinsaarentie L;61.56207,25.17897
9249;Kuhmoinen keskusta E;61.56411,25.18192
9223;Saarikko L;61.52032,25.05374
9217;Valkjärvi L;61.51644,24.99119
1772;Mustavuori;61.49402,23.59298
9237;Kuhmalahti th Poikkijärvi L;61.53404,25.15923
9219;Myllykylä L;61.51953,25.01076
1771;Mustavuori;61.49352,23.5929
9233;Putkisto L;61.5305,25.13102
9235;Raitamäentie L;61.53254,25.14693
1770;Mustalampi;61.49218,23.59453
9231;Hangaslammi L;61.52784,25.1201
8171;Vällintie;61.48067,23.97002
1765;Saarenkärki;61.49328,23.60775
9229;Myyränkuja L;61.52556,25.10716
1760;Hutikonpolku;61.50294,23.68518
1763;Likolampi;61.49438,23.61549
1766;Saarenkärki;61.4932,23.60573
1764;Likolampi;61.49425,23.61392
8170;Vällintie;61.48024,23.97042
1762;Villilä;61.49677,23.62508
8173;Vällintie;61.48055,23.97045
1768;Salmenranta;61.49259,23.60076
1761;Villilä;61.49578,23.62178
1769;Mustalampi;61.49201,23.59438
8164;Reumantie;61.48856,24.08408
8166;Pikonlinna;61.4925,24.08631
1767;Salmenranta;61.49264,23.60264
8160;Rikun päiväkoti;61.48548,24.07534
8162;Vallituntie;61.48687,24.08152
8163;Reumantie;61.48844,24.08344
8161;Vallituntie;61.48681,24.0809
8154;Tavela;61.47737,24.06138
8153;Tavela;61.47738,24.06078
1759;Vanha kirkkotie;61.49744,23.62959
1758;Tykkitienkatu;61.49534,23.61991
8155;Riunlahti;61.47916,24.06735
8156;Riunlahti;61.4792,24.068
8157;Riunoja;61.48221,24.06952
8158;Riunoja;61.48248,24.06991
8159;Rikun päiväkoti;61.48532,24.0743
8150;Mäntyveräjä;61.47125,24.05786
8148;Sudenkorennontie;61.47982,23.96269
8151;Pikonlinna th;61.47598,24.05657
8152;Pikonlinna th;61.47668,24.05735
8149;Sudenkorennontie;61.47979,23.96166
8147;Vatialan koulu;61.47659,23.94804
8146;Vatialan koulu;61.47667,23.94919
8144;Nattari;61.47716,23.94475
8145;Nattari;61.47762,23.9445
8142;Iivarintie;61.47944,23.94152
8140;Mannakorpi;61.48189,23.93771
8143;Iivarintie;61.47985,23.94129
1733;Juoksuhaudankatu;61.49919,23.60066
8141;Mannakorpi;61.48224,23.93732
1732;Juoksuhaudankatu;61.4994,23.59906
1730;Leirikatu;61.50078,23.60718
1731;Leirikatu;61.50017,23.60661
1735;Kalkunvuorenkatu 4;61.49948,23.59514
1734;Kalkunvuorenkatu 3;61.49971,23.59519
8129;Pajatie;61.48473,23.98229
8128;Pajatie;61.48489,23.98321
3761;Kotkansiipi;61.43962,23.84517
3763;Siltanen;61.43643,23.84508
8131;Kalliontie;61.48308,23.97754
8133;Vällintie;61.48154,23.96922
8130;Kalliontie;61.48323,23.97898
4104;Levonmäki;61.46468,23.90719
4102;Kaukajärventie;61.47702,23.91838
0035;Keskustori C;61.4977,23.75931
0038;Finlayson;61.50061,23.7594
4108;Juvankatu 52;61.46295,23.89533
4106;Juvankatu 46;61.46319,23.88778
7169;Järviniitty;61.44384,23.60129
0036;Keskustori B;61.49769,23.75899
4519;Hakametsä;61.49358,23.82689
4518;Sarvijaakonkatu;61.49275,23.8198
4517;Sammonkatu 47;61.49321,23.81861
7167;Lintumäki;61.4398,23.60674
4112;Vehmaistenkatu;61.47535,23.90788
0042;Keskustori I;61.49744,23.7608
0041;Keskustori R;61.49726,23.76161
7165;Hyrsinki;61.43693,23.61026
0040;Keskustori J;61.49707,23.76118
7163;Hyrsingin koulu;61.43374,23.61601
4516;Sammonkatu 66;61.49357,23.81624
4515;Sammonkatu 45;61.49427,23.81459
7161;Sorkkala;61.43135,23.62263
4514;Sammonkatu 56;61.49499,23.80948
0021;Tuulensuu D;61.49709,23.753
5645;Kalliojärvi;61.57291,23.89396
0029;Pyynikintori;61.49776,23.74214
0022;Metso;61.49775,23.75064
4115;Aukionkatu;61.47401,23.92718
5649;Koivuporras;61.59348,23.87822
5644;Kalliojärvi;61.57389,23.89388
0024;Metso;61.49772,23.75017
4116;Aukionkatu;61.47376,23.92691
4117;Kaukajärventie;61.47482,23.91674
0025;Aleksanterin kirkko;61.49744,23.74832
5648;Koivuporras;61.59432,23.87779
5647;Koikantie;61.58738,23.88416
0028;Pyynikintori B;61.49799,23.74248
5646;Koikantie;61.58787,23.88408
4507;Sammonkatu 43;61.49553,23.80818
4506;Uintikeskus;61.4961,23.80424
7175;Valkila;61.45715,23.58242
0031;Pyynikintori;61.4975,23.74202
7171;Sionkylä;61.44741,23.59723
7173;Isolammi;61.45159,23.59315
4501;Kalevan kirkko;61.4985,23.79068
4500;Sampola;61.49849,23.78973
0018;Tuulensuu B;61.49724,23.75317
4504;Sammonkatu 26;61.49722,23.79749
4503;Sammonkatu 13;61.49772,23.79601
0019;Tuulensuu E;61.49711,23.75321
4502;Kaalamonaukio;61.49777,23.79435
0016;Tuulensuu A;61.49723,23.75291
4505;Uintikeskus;61.4966,23.80294
0014;Keskustori E;61.49783,23.76091
0012;Keskustori H;61.49759,23.7605
0017;Tuulensuu F;61.49713,23.75352
0015;Keskustori D;61.49779,23.76043
0010;Keskustori F;61.49751,23.75867
0013;Keskustori K;61.49765,23.76134
9191;Lakeissuo L;61.48316,24.7552
0020;Tuulensuu C;61.49728,23.75371
0011;Keskustori G;61.49753,23.75906
9193;Pajula th L;61.49541,24.78713
9199;Vehkajärvi L;61.50587,24.83364
9195;Lemojärventie L;61.4968,24.80116
9197;Taustianjärvi L;61.50186,24.82301
9181;Pohja;61.48143,24.70268
4100;Kauppilaisenkatu 20;61.47806,23.91439
9185;Pohjan risteys L;61.48281,24.70298
9189;Rasinkulma L;61.48226,24.72361
9187;Tulimäki L;61.48268,24.71588
4563;Mäentakusenkatu;61.49647,23.89199
4555;Kiveliönkatu;61.48391,23.93188
4556;Ristinarkuntie;61.48919,23.85559
4553;Orimuskatu;61.48467,23.92891
4554;Kiveliönkatu;61.48382,23.93185
4559;Aitolahdentie 27;61.49137,23.87931
4557;Vehnämyllynkatu;61.48759,23.85452
4558;Vehnämyllynkatu;61.48695,23.85411
7851;Kesola;61.29593,23.63953
0066;Hämeenpuisto 17;61.49971,23.75186
0065;Mariankatu;61.49697,23.74482
0083;Hämeenpuisto 10;61.50093,23.75038
4550;Tilkankatu;61.49046,23.92289
0069;Kauppakatu;61.49824,23.75455
4551;Raudikonkatu;61.49092,23.9223
4542;Mikkola;61.48511,23.90439
4552;Orimuskatu;61.48454,23.92924
4543;Mikkola;61.48491,23.90507
4544;Vestonkatu 24;61.48238,23.913
4546;Vestonkatu;61.48163,23.92023
4545;Vestonkatu 11;61.48271,23.91136
4547;Vestonkatu 35;61.48196,23.91904
0070;Aleksis Kiven katu;61.49892,23.75971
0059;Mustanlahdenkatu;61.4997,23.74664
0058;Mustanlahdenkatu;61.50008,23.74948
0072;Satakunnankatu 23;61.50023,23.75482
0055;Näsinkallio;61.50258,23.74916
0057;Särkänniemi;61.50255,23.74439
0056;Mustalahti;61.50316,23.74594
0054;Näsinkallio;61.50271,23.74909
4540;Leinolankatu 90;61.48693,23.89908
4541;Leinolankatu 95;61.48688,23.89956
4537;Linnainmaankatu;61.48847,23.88946
4536;Kotipellonkatu;61.48835,23.88895
4538;Leinolankatu 72;61.488,23.89486
1697;Ikurintie 25;61.50577,23.59284
4533;Jussilankulma;61.48928,23.88354
1694;Kauppamiehenkatu;61.51062,23.60547
1693;Kauppamiehenkatu;61.5106,23.6053
4534;Leinolankatu 18;61.48924,23.88148
4531;Paloasema;61.48976,23.87662
1695;Ikurintie 47;61.5077,23.59347
0064;Mariankatu;61.49685,23.74453
4532;Paloasema;61.49043,23.87809
0061;Sotkankatu;61.49932,23.74157
4539;Leinolankatu 69;61.48824,23.89407
0060;Sotkankatu;61.49954,23.74171
0048;Satamakatu 16;61.4945,23.74884
0049;Satamakatu;61.49427,23.74837
0047;Pyynikin koulu;61.49389,23.75268
0043;Laukontori;61.49524,23.76022
0046;Satamakatu 8;61.49491,23.75486
4525;Takahuhdin koulu;61.4914,23.84893
4526;Takahuhdin koulu;61.49092,23.8495
4530;Kässälä;61.48872,23.86483
4524;Irjalankatu;61.49224,23.84437
0044;Laukontori;61.49532,23.76014
0045;Nalkalantori;61.49346,23.7556
4527;Ristinarkku;61.48911,23.85776
4520;Hakametsä;61.4933,23.82856
4521;Sammon valtatie;61.49326,23.83707
4522;Sammon vt 10;61.49296,23.83851
4523;Irjalankatu;61.49273,23.84304
0053;Hämeenpuisto 14;61.49978,23.75075
4529;Kässälä;61.48884,23.86292
0052;Pikkupalatsi;61.50138,23.75137
8667;Nokia Pirkkalaistie;61.47624,23.50993
7803;Ideapark;61.36247,23.79909
7806;Sääksjärvi th;61.41857,23.75914
7807;Sääksjärvi th;61.41905,23.76129
7802;Ideapark;61.36178,23.79871
4589;Orelmankatu;61.48681,23.92878
7805;Helsingintie;61.36663,23.79935
7800;Saikantie;61.3526,23.77933
7801;Saikantie;61.35278,23.78116
8681;Siuro Linnavuori th;61.47508,23.34438
4588;Piettasenristi;61.49431,23.90893
7804;Helsingintie;61.36606,23.79565
8680;Siuro Linnavuori th;61.47575,23.3438
10000;Valkeakosken linja-autoasema;61.26373,24.03426
4590;Ilmattarenkatu;61.48624,23.92853
7100;Ryttylänmäki;61.46379,23.60126
4579;Pikkupiiankatu;61.49799,23.89819
7101;Ryttylänmäki;61.46432,23.60279
8651;Suonsivuntie;61.4593,23.49141
8650;Suonsivuntie;61.45926,23.49045
4576;Piettasenkatu 28;61.49731,23.90581
8653;Rälssikatu;61.45314,23.48281
8652;Rälssikatu;61.45305,23.48256
4578;Leinolan koulu;61.49339,23.91334
4575;Piettasenristi;61.49393,23.90904
8655;Tupsunluhta;61.44899,23.48457
4577;Piettasenkatu;61.49749,23.9051
8654;Tupsunluhta;61.44896,23.48422
8645;Tiesenmäki;61.46961,23.50412
4582;Alasniitynkatu;61.49053,23.84336
4583;Jankanraitti;61.49089,23.84424
4584;Monttilanpolku;61.48862,23.84446
8647;Viholan ramppi;61.46809,23.52262
4585;Lahtomäenkatu 7;61.49457,23.88782
10010;HAMK (Valkeakoski);61.28065,23.99374
4580;Hussankatu;61.49206,23.91945
4581;Monttilanpolku;61.48883,23.84406
10011;HAMK (Valkeakoski);61.28083,23.9941
0099;Savilinna;61.50018,23.73719
0098;Savilinna;61.50023,23.73747
7114;Kirkonkylän koulu;61.4599,23.59216
8662;Poutunpuisto;61.47993,23.50988
4569;Janka;61.48748,23.84891
4568;Leinolankatu 8;61.48972,23.87882
4566;Jäähalli;61.49525,23.82001
8666;Nokia Pirkkalaistie;61.47663,23.5101
4565;Jäähalli;61.49545,23.82065
8664;Kankaantaan koulu Ilkantie;61.4855,23.51977
4564;Kissanmaa;61.49791,23.8148
8663;Poutunpuisto;61.48003,23.51022
4573;Leinolan koulu;61.49342,23.91279
8658;Sammalisto;61.44018,23.46703
8656;Tervasuo;61.44413,23.47649
8657;Tervasuo;61.44452,23.47746
4571;Hussankatu;61.49254,23.91885
4572;Mäentakusenkatu;61.49587,23.8944
4574;Pikkupiiankatu;61.49793,23.89925
0087;Finlayson;61.50065,23.75744
5257;Pulkkakatu;61.50897,23.91554
5259;Metsästäjänkatu;61.50363,23.9059
7123;Kranaatinmäki;61.45232,23.55874
7125;Reippi;61.44986,23.55896
7121;Vanhakirkko;61.45868,23.56651
7117;Tanila;61.4602,23.58761
7116;Tanila;61.46033,23.58671
7119;Koiso;61.46021,23.57719
7118;Koiso;61.46035,23.57862
5262;Ahkionkatu;61.50631,23.92437
5260;Nikinväylä;61.50187,23.91983
5266;Risso;61.49856,23.93136
5264;Atala;61.50798,23.91936
7133;Toppari;61.42601,23.54801
7131;Hiidenmaa;61.43409,23.55706
7137;Laitalemmi;61.41758,23.54265
7135;Hahmo;61.4199,23.54428
7129;Jyrkänpää;61.43763,23.55946
5270;Rissonkatu;61.49887,23.91725
7127;Pehula;61.44221,23.56179
5271;Rissonkatu;61.499,23.91724
5272;Petäjässuonkatu;61.49847,23.92742
5273;Petäjässuonkatu;61.49849,23.92648
8698;Siuron koulu;61.47448,23.31726
7141;Kranstolppa;61.40819,23.53947
7143;Hongisto;61.40214,23.54334
7145;Äijälä;61.39213,23.53849
8690;Linnavuori;61.49337,23.34834
7147;Harkote;61.38676,23.54347
8691;Linnavuori;61.49328,23.34835
7139;Einola;61.41325,23.53981
7151;Höökinmäki;61.37524,23.55762
1214;Myllyhaantie;61.55301,23.65707
7149;Daavid;61.38208,23.5406
1210;Siivikkala;61.5507,23.65651
1215;Myllyhaantie;61.55247,23.65647
1211;Siivikkala;61.55061,23.65603
8418;Mäyrä;61.56845,24.30414
1212;Siivikkala th;61.55106,23.6556
8014;Pähkinäkallio;61.47075,24.00966
8015;Isolukko;61.47096,24.01233
8414;Ponsa;61.55417,24.31334
8415;Ponsa;61.55345,24.31357
8416;Pihtikorpi;61.55864,24.30761
8010;Mämmisuo;61.47171,23.99247
8017;Harjunsalo;61.47139,24.02169
8016;Kaijanaho;61.47127,24.02347
8008;Artturintie;61.47222,23.98737
8420;Kautio;61.57671,24.30065
8007;Mäkirinteentie;61.47273,23.98011
8424;Tollionmaa;61.5936,24.30631
8011;Lentolantie;61.47194,23.99197
8012;Suorama;61.47107,24.00295
8422;Rauhala;61.58956,24.30279
8013;Suoraman työväentalo;61.47127,24.00272
8009;Lentolankuja;61.4723,23.98818
8409;Rantalanlahti;61.54544,24.31026
8020;Pikonkangas;61.46991,24.03706
8408;Rantalanlahti;61.54575,24.3116
8407;Neulaniemi;61.54365,24.30215
8406;Neulaniemi;61.54378,24.30372
8405;Ponsantie;61.54225,24.29522
8404;Ponsantie;61.54232,24.29641
8403;Peräkorventie;61.54008,24.28863
8028;Tarpila;61.46451,24.05848
8027;Kangasalan jäähalli;61.46773,24.04862
8025;Peiponpolku;61.46894,24.04274
8023;Kiuruntie;61.46972,24.03861
8024;Pikkolan koulu;61.46738,24.04922
8022;Pikkola;61.46863,24.04349
8021;Pikontie;61.47062,24.03489
8726;Vihnuskoti;61.48368,23.5302
8725;Kankaantaka;61.48462,23.52994
8018;Korpitie;61.47119,24.03128
8019;Nikkarintie;61.47159,24.02869
8723;Rounionkatu;61.48531,23.50525
8722;Rounionkatu;61.48519,23.50551
8412;Kirkkosaarentie;61.55107,24.31526
8413;Kirkkosaarentie;61.55019,24.31534
8410;Rantahaka;61.5491,24.31611
8438;Kapulantie;61.62682,24.31887
8436;Hyväsillantie;61.62423,24.31121
8031;Tapulinmäki;61.46381,24.06823
8030;Urkutehdas;61.46354,24.0645
8035;Kangasala;61.46222,24.07238
8032;Kirkkomaa;61.46364,24.06858
8760;Hintsa;61.463,23.46709
8034;Kangasala;61.46227,24.07217
8761;Hintsa;61.46331,23.4685
8763;Väinäntie;61.45828,23.45005
8037;Pikkuharju;61.46264,24.07748
8762;Väinäntie;61.45902,23.45219
8039;Kuohunharju;61.46217,24.0812
8764;Kohmala;61.45652,23.44339
8765;Kohmala;61.45636,23.44357
8029;Rekiälä;61.46551,24.05568
8756;Sarpatti;61.48303,23.55202
8757;Sarpatti;61.48293,23.55164
8442;Pysäkkitie;61.63392,24.33101
8440;Hermannintie;61.63039,24.32405
8428;Naappila;61.60685,24.30975
8444;Ruskatie;61.64009,24.33984
8426;Rajalahdentie;61.59807,24.31118
8446;Hiedantie;61.64245,24.34717
8042;Kuohunlahti;61.46185,24.08206
8041;Herttualantie;61.46009,24.08793
8040;Kangasala;61.46244,24.07226
8045;Mäyrävuori;61.45529,24.10326
8046;Jousitie;61.4581,24.09729
8750;Kalkku th;61.49047,23.58778
8044;Herttualantie;61.45998,24.0876
8753;Pitkäniemi th;61.4872,23.57939
8043;Jousitie;61.45845,24.09662
8049;Kirvesmiehentie;61.44974,24.10812
8048;Mäyrävuori;61.4551,24.10297
8751;Kalkku th;61.49067,23.59079
8047;Jokioistentie;61.4513,24.10479
8752;Pitkäniemi th;61.48658,23.57688
8430;Orivedentie;61.61011,24.30868
8434;Väinöläntie;61.62314,24.30538
8432;Pukkivuori;61.61425,24.3037
5127;Keilakuja;61.50658,23.80919
5125;Aitolahdentie 43;61.49403,23.88244
5128;Koilliskeskus;61.49611,23.88851
8054;Kangasalan ammattiopisto;61.44892,24.10612
5126;Aitolahdentie 36;61.49453,23.88337
5129;Atanväylä 19;61.50165,23.91427
8051;Kangasalan ammattiopisto;61.44891,24.10685
8050;Jokioistentie;61.45157,24.10392
8052;Kirvesmiehentie;61.44966,24.10787
5130;Mäennotkonkatu;61.49367,23.90148
5131;Aitolahdentie 95;61.50645,23.90968
5135;Lusankatu 15;61.50656,23.80139
5132;Aitoniitynkatu;61.49313,23.90722
5134;Itäinen aluetoimisto;61.49912,23.91585
5114;Kuntokatu;61.50447,23.80988
5117;Teiskontie 61;61.50344,23.86195
5119;Niihamankatu P;61.50034,23.87569
5118;Niihamankatu E;61.50033,23.87426
8448;Varismäki;61.64461,24.35255
5120;Kirjavaisenkatu;61.50026,23.8588
5121;Kirjavaisenkatu 5;61.50071,23.86059
5124;Koilliskeskus;61.49711,23.88668
5123;Koilliskeskus;61.49606,23.88478
5109;Irjalankatu 29;61.49717,23.8539
5108;Irjalankatu 42;61.49702,23.85381
5106;Irjalankatu;61.49499,23.85018
1601;Virontörmänkatu 13;61.50857,23.60563
5104;Kolarinkatu;61.49784,23.847
8721;Kaarikatu;61.48817,23.50967
8720;Kaarikatu;61.48851,23.51051
1606;Ikurintie;61.50406,23.59107
8070;Pikkola;61.4651,24.0484
1604;Kylväjäntie;61.50408,23.6
1605;Ikurintie;61.50394,23.5927
1602;Tesomankatu 24;61.5043,23.60463
1603;Kylväjäntie;61.5039,23.60122
8485;Orivesi;61.67679,24.35327
5113;Hippoksenkatu;61.49871,23.82049
5112;Hippoksenkatu;61.49921,23.81953
8714;Pitkäniemen päiväkoti;61.4832,23.58
5111;Linnahaankatu;61.49896,23.85769
5110;Linnahaankatu;61.49911,23.85796
8480;Oriveden keskusta;61.67589,24.35781
8715;Pitkäniemen päiväkoti;61.48392,23.58112
8710;Pitkäniemi;61.48118,23.57896
8482;Oriveden hautausmaa;61.67244,24.35693
8081;Suoraman koulu;61.47361,24.00092
8080;Suoraman koulu;61.47386,24.00075
8082;Kyötikkäläntie;61.48863,24.00999
8083;Kyötikkäläntie;61.48831,24.01004
4998;TAYS E;61.50294,23.81378
1202;Leppästentie;61.54332,23.68075
1203;Leppästentie;61.54301,23.67994
1205;Vasamantie;61.54478,23.68205
8474;Sairaalantie;61.66494,24.35731
8708;Pitkäniementie;61.48493,23.58274
1204;Vasamantie;61.54526,23.68239
1201;Nuoralahti;61.54081,23.67771
8709;Pitkäniementie;61.48548,23.58033
5100;Kuusimäenkatu 33;61.50026,23.84478
1200;Nuoralahti;61.54077,23.67787
1207;Lamminsyrjäntie;61.54824,23.67509
8706;Pitkäniemi th;61.48703,23.57858
1206;Lamminsyrjäntie;61.54847,23.67478
8707;Pitkäniementie;61.48565,23.5799
8470;Oriveden asema;61.64827,24.35765
1209;Siivikkalan koulu;61.54915,23.66899
1208;Siivikkalan koulu;61.54946,23.66822
4041;Ojavainionkatu 5;61.4636,23.89439
4040;Ojavainionkatu 4;61.46444,23.89426
4046;Hankkio;61.47734,23.876
4045;Annala;61.46417,23.91319
4043;Hikivuorenkatu;61.46589,23.89386
3004;Koivistontie;61.47272,23.77445
4044;Hikivuorenkatu 14;61.46591,23.88909
3005;Koivistontie;61.47267,23.77502
3002;Kuokkamaantie;61.48301,23.77635
3003;Kuokkamaantie;61.48281,23.77682
3008;Veturihallit;61.46375,23.76494
3009;Veturihallit;61.46441,23.76653
3006;Ekankulma;61.46903,23.77457
3007;Ekankulma;61.46996,23.77485
1625;Heinämiehentie;61.51524,23.60767
1624;Lintuviidankatu;61.51523,23.61521
9141;Rauhalantie L;61.47208,24.37773
1627;Maamiehentie;61.51527,23.60026
1626;Heinämiehentie;61.51545,23.60612
3012;Tilkonmäenkatu;61.45489,23.75926
1629;Ikurintie 88;61.51485,23.59713
3011;Säästäjänkatu;61.45955,23.7616
1628;Maamiehentie;61.51535,23.60066
3010;Säästäjänkatu;61.45865,23.76072
9147;Keljontie L;61.476,24.4215
5101;Irjalanaukio;61.4951,23.84936
4042;Hikivuorenkatu 22;61.46572,23.89412
5116;Irjalankatu;61.50322,23.86154
1600;Kohmankatu;61.50378,23.64291
9149;Moltsia L;61.47854,24.43021
9143;Tuomirannantie L;61.47274,24.38702
1621;Myllypuronkatu;61.51514,23.62229
1623;Lintuviidankatu;61.51499,23.61706
1620;Suoniemenkatu;61.51592,23.62901
9145;Korpiniemi L;61.47266,24.39499
8490;Järvenpää;61.54627,24.66551
1622;Myllypuronkatu;61.51561,23.62354
8491;Järvenpää;61.54623,24.66533
4030;Juvankatu 18;61.47039,23.86983
4033;Yrjöläntie;61.46827,23.86914
4032;Yrjöläntie;61.46836,23.86879
4035;Vanha-Juva;61.464,23.87726
4034;Yrjöläntie;61.46735,23.86914
8494;Eräjärvi;61.58071,24.55682
9151;Taipaleentie L;61.4811,24.44404
1616;Tarhamäenkatu;61.51095,23.62895
1614;Sitarinkatu;61.50985,23.62563
8495;Eräjärvi;61.58011,24.55762
9153;Kaskelantie L;61.48358,24.4548
1615;Tarhamäenkatu;61.51121,23.62941
1613;Sitarinkatu;61.50987,23.62514
3001;Kaartotie;61.48754,23.77896
1619;Suoniemenkatu;61.51602,23.62861
1618;Pyydyspohjankatu;61.5135,23.63291
3000;Viinikan liittymä;61.48941,23.77941
1617;Pyydyspohjankatu;61.51291,23.63239
4025;Kirsikatu;61.47653,23.87426
4027;Keskisenkatu;61.47403,23.87241
9159;Härkimetsäntie L;61.50576,24.54972
4028;Keskisenkatu;61.47299,23.87122
1612;Tesoman koulu;61.50743,23.62762
9157;Jokiniementie L;61.50779,24.53205
1610;Terveysasema;61.50532,23.63037
1611;Länsitori;61.50516,23.62995
4024;Juvankatu 4;61.47627,23.87378
4023;Vilunen;61.4786,23.86664
9155;Marjamäentie L;61.50085,24.49457
4022;Vilunen;61.47815,23.86852
4021;Etu-Hankkionkatu;61.48018,23.85977
4020;Etu-Hankkionkatu;61.47915,23.86128
3028;Nekalan koulu;61.48259,23.78919
3029;Nekalan koulu;61.48267,23.7895
3026;Viinikan kirkko;61.48558,23.78542
3027;Viinikan puisto;61.48473,23.78699
3033;Viinikankatu 49;61.48,23.78284
3025;Viinikan kirkko;61.48652,23.78444
3024;Ahlmanintie;61.48721,23.7833
3034;Viinikankatu 42;61.47708,23.78283
3032;Viinikankatu 40;61.48041,23.78252
3031;Kuokkamaantie 6;61.48202,23.78327
3030;Kuokkamaantie 17;61.48218,23.78365
9161;Kuhmalahti kk L;61.50427,24.56309
1647;Heinämiehentie 6;61.51492,23.60671
9163;Maljastentie L;61.50311,24.57054
1648;Epilänkatu 13;61.5108,23.66349
1643;Turvesuonkatu 10;61.52018,23.65716
9165;Salokankaantie L;61.5025,24.57454
1642;Turvesuonkatu 11;61.51972,23.65743
9167;Peltolantie L;61.501,24.58561
4018;Messukylän kirkko;61.48346,23.85037
4019;Messukylän kirkko;61.48384,23.84988
9169;Rantatie L;61.50008,24.60105
4017;Kivikirkko;61.48497,23.84556
4016;Kivikirkko;61.48467,23.84579
4014;Aakkula;61.48606,23.83998
4015;Aakkula;61.48633,23.83958
4010;Vuohensilta;61.48648,23.82531
4011;Vuohensilta;61.48677,23.82513
4013;Messukylänkatu;61.48647,23.83152
3017;Valkama;61.44774,23.75125
3019;Kitinrinne;61.44464,23.74749
3018;Kitinrinne;61.44409,23.74711
3013;Automiehenkatu;61.45567,23.76011
3014;Pähkinämäenkatu;61.45064,23.75489
3015;Pähkinämäenkatu;61.45086,23.75558
3016;Valkama;61.44783,23.75096
3021;Multisillankatu;61.44087,23.74963
9171;Puntari L;61.4985,24.61569
3020;Multisillankatu;61.44063,23.74956
3022;Multisilta;61.43375,23.758
9175;Penttiläntie L;61.48943,24.65233
1635;Ikuri;61.50508,23.59257
4007;Tilhentie;61.49148,23.8104
9179;Tervaniemi L;61.48554,24.67551
1633;Äestäjäntie;61.5087,23.59381
4008;Tilhentie;61.49133,23.81017
9177;Keskisentie L;61.48709,24.66616
1631;Ikurinaukio;61.51178,23.59532
4003;Takojankatu;61.4942,23.80112
4004;Takojankatu;61.49407,23.80097
4951;Kuntokatu;61.50423,23.81043
4005;Kalevantie;61.49298,23.80567
4006;Kalevantie;61.4924,23.80691
3049;Isännänkatu;61.46627,23.80722
3048;Isännänkatu;61.46607,23.8069
9173;Myllyojantie L;61.49424,24.63457
4031;Juvankatu 13;61.47089,23.87053
4012;Messukylänkatu;61.48622,23.83422
1649;Epilänkatu 8;61.51036,23.66431
9106;Nuorto;61.45723,24.14794
4002;Kalevankangas;61.49496,23.79547
3047;Haukisenkatu;61.46674,23.80049
4001;Tarkonpuisto;61.49518,23.79377
3046;Haukisenkatu;61.46667,23.80016
9103;Vääksyn kartano L;61.45341,24.12559
1663;Rauhantie;61.52118,23.62585
4000;Tarkonpuisto;61.49502,23.79195
1662;Rauhantie;61.52091,23.6256
9105;Teerimäentie L;61.45545,24.13694
1664;Lamminpään koulu;61.51876,23.6257
1665;Lamminpään koulu;61.5182,23.62657
9104;Teerimäentie;61.45558,24.13873
9100;Pohtiolammi;61.45224,24.11866
9102;Vääksyn kartano;61.45362,24.12777
9101;Pohtiolammi L;61.45242,24.11953
1666;Runkokatu;61.51719,23.60702
3051;Veisu;61.46888,23.81189
1667;Runkokatu;61.51662,23.60675
1668;Haukiluoma;61.51861,23.60668
3052;Multiojankatu;61.43669,23.74984
3050;Veisu;61.46874,23.81204
3055;Emännänkatu;61.47117,23.81261
3053;Vuoreksenkatu;61.43431,23.75156
3056;Vuoreksenkatu;61.43422,23.7515
3036;Ammattikoulu;61.47244,23.78387
3054;Emännänkatu;61.47118,23.81289
3035;Viinikankatu 57;61.47683,23.78313
3038;Huikarinkatu;61.47073,23.78741
3039;Koivistontie 35;61.47099,23.78507
3037;Ammattikoulu;61.47363,23.78391
9109;Kerppolan puistotie L;61.45937,24.15826
9108;Kerppolan puistotie;61.45976,24.16077
9107;Nuorto L;61.45677,24.1445
9117;Isosaari L;61.46741,24.1951
1651;Mustikkaniemi;61.51282,23.65639
1652;Epilänkatu 65;61.51648,23.64958
9116;Isosaari;61.46757,24.19659
9115;Veneojansalmi L;61.46411,24.18316
9114;Venojansalmi;61.46432,24.1853
1650;Mustikkaniemi;61.51316,23.65579
9113;Veneojantie L;61.46222,24.1716
1655;Pikkulampi;61.51878,23.64399
1656;Ylöjärventie 22;61.52162,23.63942
9112;Veneojantie;61.46231,24.17325
1654;Suonsivunkatu;61.52001,23.64224
9110;Sydänmaantie;61.46122,24.16721
1653;Epilänkatu;61.51608,23.6498
1659;Ylöjärventie 45;61.52307,23.63561
9111;Sydänmaantie L;61.46117,24.16616
1657;Ylöjärventie 23;61.52058,23.64062
1658;Ylöjärventie 36;61.52308,23.63595
3041;Mahlankatu;61.47124,23.79227
3040;Mahlankatu;61.471,23.79111
3043;Valkama;61.44764,23.74988
3042;Valkama;61.4475,23.74963
3044;Nirvankatu 18;61.46851,23.79253
3045;Nirvankatu;61.4689,23.79163
3069;Jokipohjantie 23;61.48167,23.79794
3068;Jokipohjantie 18;61.48171,23.79767
9118;Pullosaari;61.46749,24.20538
3070;Liikennelaitos;61.47902,23.79784
9119;Pullosaari L;61.46776,24.204
9128;Ruupertintie;61.46896,24.29918
9122;Humisevantie;61.46646,24.2332
9124;Hietasentie;61.46517,24.24442
9121;Pelisalmi L;61.46749,24.21852
9123;Humisevantie L;61.46678,24.23189
9126;Pykäläkorpi;61.46317,24.26475
9125;Hietasentie L;61.46551,24.24285
3075;Muotialantie 23;61.47722,23.80439
9127;Pykäläkorpi L;61.46314,24.26294
3078;Muotialantie;61.47705,23.81554
3071;Liikennelaitos;61.47897,23.79807
3073;Jokipohjantie 53;61.47754,23.79814
3076;Siirtolapuutarha;61.47718,23.80898
3077;Siirtolapuutarha;61.47727,23.80923
3074;Muotialantie 38;61.47712,23.80513
4903;Romsinlahti;61.51302,23.78152
9120;Pelisalmi;61.46746,24.22158
3072;Jokipohjantie 26;61.47756,23.79787
9129;Ruupertintie L;61.46866,24.29547
9135;Pakkalantie L;61.475,24.33733
1677;Ristaniitynkatu;61.49798,23.59234
8000;Liuttu;61.47395,23.94495
8001;Liuttu;61.4743,23.94328
9133;Sahalahti L;61.47549,24.32844
1675;Pohjanmaantie;61.50765,23.69364
8002;Pitkäjärvi;61.47306,23.95998
9132;Sahalahti;61.4753,24.32812
9139;Muuntoasemantie L;61.47123,24.36124
8003;Kasarmi;61.47333,23.95793
1673;Lamminpään hautausmaa;61.52317,23.62597
8004;Ilkonmäki;61.47283,23.96844
1674;Virontörmänkatu 8;61.50819,23.60569
8005;Kappeli;61.47297,23.97079
1671;Peurankatu;61.50685,23.68378
8006;Ilkko;61.47257,23.97817
9137;Paatialantie L;61.47325,24.34891
1672;Lamminpään hautausmaa;61.52251,23.62572
3064;Nekalantie 38;61.4872,23.79003
3067;Riihitie;61.4839,23.79852
3066;Nekalantie 54;61.48497,23.79689
9131;Rautia L;61.47124,24.31261
3065;Nekalantie 55;61.48538,23.79583
3060;Korkinmäki;61.4731,23.83194
3062;Nekalantie 20-22;61.48841,23.78551
9130;Rautia;61.47143,24.31377
3061;Lokintaival;61.48888,23.78595
3088;Uotilantie;61.48015,23.81603
3063;Nekalantie 29;61.48769,23.78896
3086;Kuoppamäentie 44;61.48002,23.80927
3085;Siirtolapuutarha;61.48015,23.8103
3084;Kuoppamäentie 34;61.47993,23.80443
3083;Kuoppamäentie 29;61.48002,23.80427
3082;Seurakuntatalo;61.47983,23.80001
3081;Seurakuntatalo;61.47996,23.80037
3080;Nekalantie 110;61.47895,23.83039
1576;Vanha kirkkotie 24;61.50181,23.6293
1579;Kokkolankatu 2;61.50247,23.63363
1573;Vanha kirkkotie 21;61.5018,23.62898
1572;Korvenkatu 57;61.49948,23.62358
1574;Vanha Kirkkotie 10;61.49918,23.6291
1580;Ristaniitynkatu;61.49814,23.59192
1582;Ristaniitynkatu 13;61.4972,23.58774
3925;Polunmäenkatu;61.45314,23.89516
3926;Polunmäenkatu;61.45337,23.89353
3923;Solkimäki;61.45307,23.8899
3924;Solkimäki;61.4532,23.89002
3079;Muotialantie 43;61.47715,23.81531
3097;Steiner-koulu;61.47823,23.82507
3099;Ahlmanintie;61.48244,23.79022
3098;Steiner-koulu;61.47827,23.8262
3094;Santamatinkatu;61.47231,23.80125
3093;Santamatinkatu;61.47238,23.80002
3096;Ahlman;61.47295,23.80674
3090;Koivistontie;61.47179,23.77543
3095;Ahlman;61.47303,23.80538
1589;Petsankatu;61.49412,23.5757
1588;Kalkun viertotie 20;61.49418,23.57528
3092;Ammattikoulu;61.471,23.78281
1587;Kalkun viertotie;61.49428,23.57972
3091;Ammattikoulu;61.47115,23.78256
1586;Kalkun viertotie 17;61.49452,23.57879
1585;Pitkäniemenkatu;61.49575,23.5854
1584;Pitkäniemenkatu;61.49572,23.5851
1583;Ristaniitynkatu 10;61.49689,23.58732
1592;Kalkku;61.49475,23.56963
1598;Mediapolis;61.50545,23.65128
1596;Tohlopinjärvi;61.50711,23.65774
1597;Mediapolis;61.50531,23.65159
1593;Tohlopinranta;61.50799,23.66324
4097;Juvankatu 39;61.46338,23.88662
1594;Tohlopinranta 23;61.50812,23.66295
1595;Tohlopinjärvi;61.50665,23.65658
1599;Kohmankatu;61.50345,23.64074
4096;Hikivuori;61.46687,23.88537
3949;TAMK;61.50274,23.8053
4099;Maustekatu;61.46473,23.90935
3940;Rusko;61.45312,23.90063
3943;Palvaanniemi;61.48666,23.82649
3944;Kissanmaa;61.49812,23.81517
3941;Rusko;61.45353,23.90164
4091;Vaunukatu;61.47966,23.92188
3935;Niittyhaankatu;61.45309,23.8838
3942;Palvaanniemi;61.48563,23.82646
3937;Kauhakorvenkatu 2;61.452,23.87257
7710;Vätäräisentie;61.35324,23.75603
7711;Vätäräisentie;61.35378,23.75671
4078;Kaukajärvi;61.47075,23.88934
4079;Keskisenkatu;61.47327,23.87485
4072;Keskisenkatu 6;61.47323,23.87305
4076;Haiharankatu;61.47196,23.88392
4074;Keskisenkatu 22;61.47261,23.87839
4077;Haiharankatu;61.47198,23.88424
4073;Keskisenkatu 13;61.47287,23.87728
5505;Palonkylä th;61.56162,23.95425
4080;Kyläojankatu;61.48478,23.85243
4081;Kyläojankatu;61.48408,23.85066
5504;Palonkylä th;61.56165,23.9537
5503;Hinkkala;61.55884,23.94605
4082;Pitkäniitynkatu;61.46229,23.90394
5502;Hinkkala;61.55873,23.94541
5501;Marttila;61.55601,23.93573
5500;Marttila;61.5559,23.93507
3951;Laulunmaa;61.47653,23.83484
3950;Laulunmaa;61.47796,23.83226
4087;Pitkäniitty;61.46258,23.90288
4089;Juvankatu;61.46314,23.89351
4088;Vaunukatu;61.47939,23.92062
4084;Levonmäki;61.46187,23.90557
4083;Solkiniitynkatu;61.45632,23.90402
4086;Solkiniitynkatu;61.45607,23.90356
4085;Levonmäki;61.46167,23.90584
4049;Yrittäjänkatu;61.47694,23.88198
3500;Viinikan liittymä;61.48974,23.78193
3503;Iidesranta;61.49113,23.79195
4047;Hankkio;61.47763,23.8762
4048;Haiharansuu;61.47662,23.88424
3504;Kuikankatu;61.48953,23.79849
3502;Iidesranta;61.49108,23.79002
3505;Kuikankatu;61.49007,23.79736
3508;Tiirantaival;61.48752,23.80805
4052;Kristilla;61.47597,23.89751
4053;Kristilla;61.4762,23.89604
4050;Juvelankatu 19;61.47561,23.9166
3507;Tiirantaival;61.48772,23.80724
3509;Järvensivun koulu;61.48751,23.8122
4054;Vehmaistenkatu 4;61.47681,23.90659
5528;Paarla;61.65218,24.01587
4056;Inolankatu;61.47967,23.90781
4055;Vehmaistenkatu;61.47574,23.90476
5530;Rajakorpi;61.65192,24.00919
5531;Kuorejärvi;61.64928,23.98972
4051;Seimenkatu;61.47755,23.91966
4058;Kangasalantie 120;61.47427,23.91897
4060;Vehmainen;61.47376,23.9237
5524;Viitapohja;61.65353,24.04922
5527;Paarla;61.65212,24.01457
4065;Juvelankatu;61.47646,23.90925
5529;Rajakorpi;61.65164,24.00763
5538;Riuttanmäki;61.64233,23.96776
5539;Syväjärvi th;61.63905,23.96174
5536;Mattilansuo;61.64754,23.97023
5534;Vierukallio;61.64934,23.97859
5535;Mattilansuo;61.64687,23.96918
5537;Riuttanmäki;61.64189,23.96629
1102;Airokatu;61.52726,23.71108
5532;Kuorejärvi;61.64939,23.99131
5533;Vierukallio;61.64945,23.97629
5541;Sisaruspohja;61.63691,23.95974
5542;Sisaruspohja;61.63761,23.96039
1100;Reuharinniemi;61.529,23.72021
5540;Syväjärvi th;61.63963,23.96315
5547;Pyykkirannantie;61.63044,23.93958
4418;Leinolankatu 122;61.48354,23.90682
5548;Pyykkirannantie;61.63065,23.9415
5549;Ala-Pärri;61.62934,23.93078
5543;Kurjentie;61.6346,23.95536
5544;Kurjentie;61.63482,23.95622
5550;Ala-Pärri;61.62932,23.93223
5545;Lahdentausta;61.63276,23.94992
5553;Perkiönvuori;61.62801,23.91927
5551;Tiinukorpi;61.62822,23.92478
5546;Lahdentausta;61.63285,23.95217
5552;Tiinukorpi;61.62794,23.92646
5141;Orimuskatu 81;61.50083,23.91559
5143;Aitoniitynkatu;61.49326,23.90732
5145;Tuluskatu;61.49481,23.89886
5556;Vattula;61.62678,23.91148
5557;Loppi;61.6251,23.9021
5554;Perkiönvuori;61.62776,23.91899
5558;Loppi;61.62548,23.9032
5555;Vattula;61.62675,23.90958
5560;Ylä-Pirilä;61.62092,23.89779
5559;Ylä-Pirilä;61.62076,23.89644
5564;Iso-Kartano;61.61486,23.87791
5563;Iso-Kartano;61.61498,23.87773
4430;Kaipanen;61.45946,23.91128
5562;Pirilä;61.61725,23.88785
5561;Pirilä;61.61715,23.88715
5139;Ali-Huikkaantie 21;61.49853,23.83821
5137;Kuusenmäenrinne;61.50076,23.84324
5136;Orimuskatu 80;61.50085,23.91578
4433;Lorukorvenkatu;61.4616,23.9111
4432;Lorukorvenkatu;61.46055,23.911
7700;Siskontie;61.34904,23.75402
7701;Siskontie;61.34867,23.7546
7702;Vanattara;61.36141,23.75543
7704;Lehtimäentie;61.36573,23.75494
7703;Vanattara;61.36126,23.75614
7706;Sorvalammentie;61.368,23.75579
7705;Lehtimäentie;61.36601,23.75544
8766;Kennolantie;61.45466,23.42958
7708;Kukkolantie;61.37379,23.77292
7707;Sorvalammentie;61.3684,23.7568
8767;Kennolantie;61.45486,23.43164
7709;Kukkolantie;61.3741,23.77489
8768;Pihlajamäentie;61.45501,23.4204
8772;Alastalontie;61.45752,23.40092
8770;Taivalkunta;61.45566,23.41078
8769;Pihlajamäentie;61.45476,23.42142
8771;Taivalkunta;61.45541,23.41108
8774;Helamäki;61.45699,23.38964
8775;Helamäki;61.45675,23.38964
8773;Alastalontie;61.45734,23.40042
8783;Ruolahti;61.45136,23.27592
8778;Kontaa;61.45168,23.34625
8777;Vehkoperä;61.45544,23.37676
8779;Kontaa;61.45143,23.34639
8776;Vehkoperä;61.45566,23.37668
8782;Ruolahti;61.45139,23.27661
8781;Santamäen th;61.44444,23.32901
8780;Santamäen th;61.44445,23.3287
8786;Vahalahden koulu;61.41862,23.25575
8785;Suoniemi;61.44136,23.21592
8787;Vahalahden koulu;61.41826,23.25591
5180;Paloniityntie;61.51587,23.9323
8784;Suoniemi;61.44125,23.21552
3901;Kuokkamaantie 2;61.48212,23.77737
8792;Levontie;61.41665,23.31939
8797;Kattilainen;61.45722,23.48443
8795;Tottijärvi th;61.42401,23.34097
3908;Niittyhaankatu;61.45332,23.88224
8789;Sarkola;61.41049,23.25822
8796;Kattilainen;61.45704,23.48376
8788;Sarkola;61.41056,23.25777
8791;Tolppa th;61.40548,23.28474
8400;Karppilanrantatie;61.53863,24.28214
5196;Koljontie 30;61.50822,23.7931
8790;Tolppa th;61.40534,23.28343
8402;Peräkorventie;61.5402,24.28954
8794;Tottijärvi th;61.42312,23.33796
8793;Levontie;61.41661,23.32021
8401;Karppilanrantatie;61.53844,24.28052
5198;Kaupinkatu;61.50837,23.79585
2007;Rosendahl;61.49402,23.73019
8880;Vedenottamontie;61.43659,24.00487
2008;Trikookuja;61.49369,23.72476
2005;Pyynikintie;61.49315,23.73883
8881;Vedenottamontie;61.43671,24.00578
8882;Suojoki;61.43492,24.00089
2006;Rosendahl;61.49426,23.73028
8883;Suojoki;61.43502,24.00157
2004;Pyynikintie;61.49307,23.73961
2001;Mäntypuisto;61.49454,23.74421
8884;Antinkärki;61.43068,23.99749
2003;Piispantalo;61.49308,23.7438
2002;Piispantalo;61.49315,23.7436
8885;Antinkärki;61.431,23.99793
8886;Kaarina Maununtyttären tie 617;61.42864,23.99547
2009;Trikookuja;61.49378,23.72377
8320;Siitamantie;61.53656,24.05287
0600;Lapintie 2;61.50153,23.7643
8322;Vanhatie;61.53892,24.06177
8323;Vanhatie;61.53915,24.06193
8324;Rukoushuone;61.54075,24.06931
8325;Rukoushuone;61.54066,24.06787
2011;Varala;61.49583,23.71777
8877;Ahulisto;61.43811,24.018
8876;Ahulisto;61.43821,24.01723
8879;Varsamäentie;61.43753,24.01097
2016;Hirvikatu;61.50011,23.7138
0601;Tietotalo;61.49117,23.77632
8871;Leru;61.44648,24.03486
8870;Leru;61.44604,24.03499
2018;Mäntypuisto;61.49431,23.74474
2017;Tahmela;61.50372,23.7059
8878;Varsamäentie;61.43747,24.00968
2019;Mäntypuisto;61.49415,23.74463
2012;Varala;61.49583,23.71814
8874;Koivikko;61.43874,24.03105
2013;Tahmelankatu;61.49789,23.7161
8875;Koivikko;61.43849,24.03079
2014;Tahmelankatu 6;61.49814,23.71589
8872;Liuksiala;61.44083,24.03624
8307;Muistomerkintie;61.53259,24.04946
2015;Hirvikatu;61.49973,23.71414
8873;Liuksiala;61.44102,24.03706
8306;Muistomerkintie;61.53299,24.05014
8304;Mustoontie;61.52668,24.04809
8305;Mustoontie;61.52583,24.04702
8309;Suinula;61.53599,24.05177
8308;Suinula;61.5368,24.05187
2020;Palomäentie 14;61.4945,23.74179
2022;Palomäentie 32;61.49619,23.7368
8868;Tähkätie;61.44971,24.03521
8867;Toikkola;61.45377,24.03491
8866;Toikkola;61.45272,24.03537
8869;Tähkätie;61.45065,24.03581
2021;Palomäentie 15;61.49443,23.74159
8861;Ruishuhta;61.44371,23.97408
8862;Ruokoniityntie;61.44252,23.96279
8863;Ruokoniityntie;61.44235,23.96352
3598;Länsi-Hervanta;61.44798,23.83508
8864;Alanko;61.44581,23.95369
8860;Ruishuhta;61.44392,23.97459
8301;Satusedäntie;61.52344,24.03634
8302;Ranssila;61.52437,24.04413
8300;Satusedäntie;61.52341,24.03741
8303;Ranssila;61.52428,24.04256
8859;Saarenmaantie;61.44485,23.98072
8858;Saarenmaantie;61.44482,23.97983
8855;Pajutila;61.45015,23.99978
8854;Pajutila;61.45009,23.99922
8857;Ketunpolku;61.44613,23.9905
8856;Ketunpolku;61.44644,23.99074
8853;Utukanpolku;61.45046,24.00583
8852;Utukanpolku;61.4506,24.00553
8850;Uotila;61.45089,24.01325
8851;Uotila;61.45082,24.01358
8849;Liuksialan koulu;61.45167,24.02279
8848;Liuksialan koulu;61.45167,24.02172
8845;Ranta-Koivisto;61.45819,24.03517
2000;Mäntypuisto;61.49523,23.74421
8847;Suntinmäenkuja;61.45309,24.03408
8844;Ranta-Koivisto;61.45734,24.03469
8846;Suntinmäenkuja;61.45232,24.03085
8842;Korpiniitty;61.46113,24.03585
3110;Veturikatu;61.47608,23.77067
8841;Paloasema;61.46581,24.03822
8359;Kaipaanniemi;61.47293,24.13457
8840;Paloasema;61.46585,24.03787
8843;Korpiniitty;61.46191,24.03658
8832;Pajulahti;61.40058,23.37711
3109;Veturikatu;61.47618,23.77208
8361;Suomatka;61.47589,24.13979
8360;Suomatka;61.47616,24.14058
8363;Hokkanen;61.48014,24.14709
8362;Hokkanen;61.48004,24.14736
3105;Nirvankallionkatu;61.4655,23.7942
3108;Tuotekatu 4;61.45936,23.78435
3106;Nirvankatu 52;61.4655,23.78973
8365;Kurkiniemi;61.48337,24.15254
8364;Kurkiniemi;61.48342,24.15289
3107;Nirvansuonkatu;61.46541,23.78966
3102;Koivistonkeskus;61.46986,23.7877
8367;Keso;61.48944,24.15799
8366;Keso;61.49001,24.1591
3104;Nirvankallionkatu;61.46523,23.79231
8369;Talvilahti;61.49218,24.16156
3103;Koivistonkeskus;61.46961,23.78904
8368;Talvilahti;61.49255,24.1622
3100;Kuokkamaantie 14;61.4823,23.78999
8831;Tottijärvi;61.40073,23.34312
8823;Yli-Marttila;61.4213,23.34015
8824;Ali-Marttila;61.41815,23.33637
8821;Lamminperä;61.42705,23.36676
8822;Yli-Marttila;61.42115,23.33968
8350;Myllytie;61.45586,24.11786
8828;Tolppa;61.40569,23.3359
8825;Ali-Marttila;61.41932,23.33822
8827;Naskalintie;61.41259,23.33513
8353;Vääksynpolku;61.45911,24.12004
8354;Ranta-Virkkula;61.46325,24.12378
8826;Naskalintie;61.41204,23.33484
8352;Vääksynpolku;61.4597,24.12088
8351;Myllytie;61.45529,24.11724
8829;Tolppa;61.40647,23.33557
8358;Kaipaanniemi;61.47315,24.1353
8357;Kesäpirtti;61.47048,24.1307
8356;Kesäpirtti;61.4704,24.13028
8355;Ranta-Virkkula;61.46264,24.12294
5006;TAMK;61.50224,23.80793
5007;TAYS L;61.50308,23.81254
5004;Teiskontie 24;61.50147,23.80073
8820;Lamminperä;61.42682,23.36504
5005;TAMK;61.50245,23.8062
5008;TAYS I;61.50303,23.81401
5009;Kissanmaankatu 7;61.50145,23.81673
8814;Sorva;61.4217,23.4427
8816;Metsä-Tuomaalantie;61.42554,23.41762
5010;Kissanmaankatu 8;61.50152,23.81633
8815;Sorva;61.42159,23.44463
8817;Metsä-Tuomaalantie;61.42578,23.41649
8810;Loukko;61.42717,23.44999
8811;Loukko;61.42801,23.45115
5014;Naistenlahti;61.5086,23.77774
8812;Murtoonvuori;61.4242,23.44793
8813;Murtoonvuori;61.42424,23.44828
8818;Susitaipale;61.42674,23.39594
8819;Susitaipale;61.42643,23.39483
8328;Toosilanniementie;61.54171,24.08662
8329;Toosilanniementie;61.54181,24.08505
8326;Yli-Nikkilä;61.54234,24.07608
8327;Yli-Nikkilä;61.54238,24.07476
8805;Rajatie;61.43807,23.46382
8806;Naulonlahdentie;61.43503,23.46009
8803;Sammalistontie;61.4401,23.4667
8804;Rajatie;61.43801,23.46313
5001;Teiskontie 13;61.50049,23.79367
5000;Kalevan kirkko;61.49997,23.79288
8807;Naulonlahdentie;61.43569,23.4609
8331;Perälä th;61.54807,24.11335
8801;Muuntajakuja;61.44199,23.47349
8800;Muuntajakuja;61.44208,23.47316
8802;Sammalistontie;61.44016,23.46626
5003;Teiskontie 25;61.50169,23.79979
8808;Ketteenniementie;61.4302,23.45492
8809;Ketteenniementie;61.43032,23.45577
3147;Korkinmäenkatu;61.47385,23.82518
3145;Kyläkeinunkatu;61.47267,23.82782
3537;Kiurunpolku;61.49172,23.79648
3540;Kertunpolku;61.49045,23.80598
1522;Winterin alue;61.50468,23.66087
3536;Kiurunpolku;61.49164,23.7959
1521;Pispalan vt 141;61.50756,23.66573
3535;Järvensivuntie 15;61.49155,23.78898
1524;Kaarila;61.5025,23.65675
1523;Winterin alue;61.50512,23.66178
3534;Järvensivuntie;61.49148,23.78773
3531;Teekkarinkatu;61.44466,23.83887
1520;Pispalan vt 138;61.50767,23.66525
3533;Järvensivuntie 3;61.4917,23.78391
3532;Pinni;61.49167,23.78263
1529;Risuharjunkatu;61.50142,23.64506
1526;Nokiantie 36;61.50107,23.65011
3530;Teekkarinkatu;61.44482,23.83876
1528;Tesoman vt 26;61.50204,23.64296
1525;Puistokaarila;61.50262,23.65765
3539;Peippospolku;61.49122,23.80194
3538;Peippospolku;61.49118,23.80123
1527;Nokiantie;61.5008,23.64979
8395;Tulokkaantie;61.53421,24.26018
3138;Havumetsänkatu;61.46219,23.83217
8396;Kautialan koulu;61.53543,24.26601
8398;Isonkiventie;61.53632,24.27024
8397;Kautialan koulu;61.53527,24.26616
8390;Hopearanta;61.52934,24.24652
3136;Hallilan koulu;61.46439,23.83795
8399;Isonkiventie;61.53624,24.27078
3551;Vasaratie 13;61.47418,23.84793
3134;Hallila;61.46101,23.8307
8391;Hopearanta;61.52931,24.2453
8392;Parantaja;61.53289,24.25571
8393;Parantaja;61.53246,24.25422
8394;Tulokkaantie;61.53433,24.26162
1513;Hyhkynkatu;61.50705,23.6938
3545;Järvensivu;61.48887,23.81764
3546;Ratapihankatu;61.49279,23.77609
1512;Hyhkynkatu;61.50744,23.69116
3548;Nuijatie;61.47628,23.84743
1511;Pispalantori;61.50618,23.69874
3547;Ratapihankatu;61.4927,23.77689
1510;Pispalantori;61.50641,23.69943
3542;Pääskynpolku;61.48873,23.81356
3541;Kertunpolku;61.49055,23.8061
3543;Pääskynpolku;61.4889,23.81317
3142;Korkinmäenkatu;61.47388,23.82494
3144;Kyläkeinunkatu;61.47257,23.82764
3143;Hallilan koulu;61.46461,23.83942
3141;Havumetsänkatu;61.46234,23.8327
1519;Epilä;61.50815,23.67058
1514;Haapalinna;61.50875,23.68172
1515;Haapalinna;61.50857,23.68273
3549;Nuijatie;61.47607,23.84764
1518;Epilä;61.50837,23.67131
3125;Kuusikonkatu;61.4674,23.83575
3123;Hallilantie;61.47338,23.81275
8388;Leppoja;61.52672,24.23744
3124;Loukkaankatu;61.47316,23.82077
3129;Pehkusuonkatu;61.46625,23.82164
2624;Korpitie;61.45454,23.72788
3126;Kiulukatu;61.47231,23.82001
8386;Ranta-Einola;61.52443,24.23293
3999;Puhhoonlahti;61.48762,23.82145
2623;Toivionkatu 3;61.46168,23.72392
8387;Ranta-Einola;61.52388,24.23181
8389;Leppoja;61.52644,24.23625
3127;Lehtimetsänkatu;61.4674,23.82702
2621;Toiviontie;61.46188,23.71853
3128;Pehkusuonkatu;61.46646,23.82275
8384;Järvikulmantie;61.52234,24.22935
8382;Raudanmaantie;61.51745,24.22434
8385;Järvikulmantie;61.52187,24.22821
8383;Raudanmaantie;61.51728,24.22366
2627;Patamäenkatu 11;61.4553,23.7369
2625;Korpitie;61.45427,23.72835
8380;Muuramäki;61.51197,24.21832
2626;Patamäenkatu 16;61.45538,23.7367
8381;Muuramäki;61.51156,24.21661
3515;Lukonmäki pohj.;61.46555,23.84253
3511;Vuohenoja;61.48589,23.82901
3510;Järvensivun koulu;61.48732,23.81327
1500;Ammattikoulu;61.49863,23.73551
3512;Vuohenoja;61.4858,23.82857
3513;Turtola;61.47973,23.83114
1502;Tipotie;61.49888,23.72763
1501;Ammattikoulu;61.4984,23.73541
1503;Tipotie;61.49893,23.7267
3519;Tieteenkatu;61.45791,23.84893
1504;Rajaportti;61.50212,23.7209
3517;Lukonmäki et.;61.4629,23.84406
3516;Lukonmäki pohj.;61.46619,23.8417
3518;Lukonmäki et.;61.46356,23.84298
1506;Pulteri;61.50433,23.71473
1508;Ahjola;61.50516,23.70968
3133;Perkkoonkatu;61.4374,23.75098
1505;Rajaportti;61.50113,23.72253
3132;Kuusikonkatu;61.46639,23.83775
1507;Pulteri;61.50363,23.71647
3131;Kiulukatu;61.4715,23.8196
3130;Lehtimetsänkatu;61.46725,23.82659
1509;Ahjola;61.50503,23.70916
3112;Leppästensuonkatu;61.45512,23.78083
8377;Sillanmäki;61.50792,24.20357
8378;Vahderpää;61.50922,24.21019
3115;Lempääläntie 31;61.46132,23.76339
3116;Lempääläntie;61.46077,23.76198
8379;Vahderpää;61.50906,24.20855
2630;Sarankulma;61.45784,23.74209
3117;Pullerikinahde;61.47865,23.84043
8373;Sammalisto;61.50353,24.18399
8374;Rutamäki;61.5062,24.19627
3118;Uotilantie;61.47995,23.81682
8375;Rutamäki;61.50607,24.19551
8376;Sillanmäki;61.50796,24.20504
8370;Kaitaa;61.49657,24.16568
3524;Ahvenisjärvi;61.4492,23.85062
8372;Sammalisto;61.50356,24.1841
3528;Ahvenisraitti;61.44591,23.84351
3523;Hervantakeskus;61.45148,23.84887
3526;Sähkökatu;61.44718,23.84897
3527;Valtaraitti;61.44705,23.84921
3525;Ahvenisjärvi;61.44883,23.85141
3520;Insinöörinkatu;61.4544,23.84651
8371;Kaitaa;61.4972,24.16645
3529;Ahvenisraitti;61.44591,23.84429
3121;Loukkaankatu;61.47327,23.81927
3120;Sotilaankatu;61.47833,23.84176
1570;Rahola;61.49929,23.61642
3584;Santaharjuntie;61.47392,23.86283
3581;Ammattikoulu;61.45869,23.85454
2607;Partolanhovi;61.47259,23.71841
3122;Hallilantie;61.47307,23.81447
3583;Santaharjuntie;61.47414,23.86408
2608;Partolanhovi;61.47301,23.71854
3580;Ammattikoulu;61.45859,23.85463
2605;Kutteritie;61.47621,23.71215
2603;Pereentie;61.47691,23.70876
1565;Pukkisaarenkatu;61.49806,23.63437
3578;Opiskelijankatu 38;61.4501,23.83222
2606;Kutteritie;61.47647,23.71184
1566;Vanha Kirkkotie;61.49778,23.63132
2604;Pereentie;61.47697,23.70721
1567;Vanha Kirkkotie 7;61.49891,23.62894
1568;Korvenkatu 34;61.49957,23.61955
3579;Opiskelijankatu 33;61.44985,23.83196
3577;Opiskelijankatu 23;61.45144,23.83887
3576;Opiskelijankatu 26;61.45132,23.83746
1562;Piikahaka;61.50022,23.64301
1561;Piikahaka;61.50032,23.64448
1563;Jurvalankatu;61.49945,23.63978
3574;Valtaraitti;61.45313,23.84527
1564;Metsäkylänkatu;61.49891,23.63616
3575;Valtaraitti;61.45274,23.8445
3590;Steiner-koulu;61.47919,23.82609
2611;Loukonlahdentie;61.47619,23.693
2612;Kreetankuja;61.47354,23.69208
2613;Kreetankuja;61.47412,23.69215
1558;Vaakkolampi;61.50229,23.66301
2610;Loukonlahdentie;61.476,23.69233
1556;Siirtolapuutarha;61.49967,23.66581
3589;Steiner-koulu;61.47931,23.82686
1557;Vaakkolampi;61.50206,23.66343
3585;Lukonmäenkatu;61.4678,23.85321
1555;Siirtolapuutarha;61.49963,23.66546
1554;Simolankatu 54;61.49928,23.66871
1552;Simolankatu 32;61.50037,23.67624
3587;Kierikankatu;61.46486,23.85535
1553;Ojustenkatu;61.49943,23.66961
3588;Lukonmäenkatu;61.4674,23.85319
1551;Simolankatu 27;61.50023,23.67588
3562;Sotilaankatu;61.47903,23.83273
1550;Simolankatu 18;61.50079,23.683
3560;Kierikankatu;61.46463,23.85507
2030;Pispalanharju 18;61.50164,23.71744
2031;Pispalanharju;61.50358,23.71184
3169;Postitorvenkatu;61.4548,23.77047
2033;Tahmelan viertotie;61.50149,23.71106
3168;Postitorvenkatu;61.45468,23.77521
1547;Pispan palvelukeskus;61.50211,23.6884
3167;IKEA;61.4542,23.77243
3172;Lahdenperänkatu;61.47487,23.78429
1548;Pispan palvelukeskus;61.50174,23.68786
3554;Vasaratie 22;61.47288,23.852
1549;Simolankatu 7;61.50069,23.68318
2024;Tahmelan viertotie;61.50217,23.7099
1540;Virontörmänkatu 2;61.50506,23.60511
3173;Lahdenperänkatu;61.47525,23.78217
2023;Palomäentie 31;61.49625,23.73619
1541;Virontörmänkatu 1;61.50469,23.60495
3555;Vasaratie 31;61.47276,23.8559
2025;Pyynikinharju;61.49828,23.72459
2026;Pyynikinharju;61.49828,23.72476
3552;Vasaratie 12;61.47381,23.84855
3553;Vasaratie 25;61.47291,23.85266
1543;Savilinnantie;61.49882,23.73563
2028;Pispalanharju 2;61.50022,23.72114
1544;Savilinnantie;61.4991,23.73612
1545;Mattilankatu;61.50307,23.68529
3556;Kirvestie;61.4726,23.85738
2027;Pispalanharju 1;61.5001,23.72123
1546;Peurankatu;61.50653,23.68276
2029;Pispalanharju 19;61.5015,23.71756
3557;Iidesaukio;61.49123,23.78538
3570;Tieteenkatu;61.45713,23.84881
3160;Särkijärvenkatu;61.45973,23.783
3158;TAKK;61.46294,23.78586
1539;Tesomankatu 31;61.50424,23.60652
1536;Tesomankatu;61.50463,23.6117
1537;Tesomankatu 27;61.50442,23.61272
3161;Särkijärvenkatu;61.46052,23.78059
3163;TAKK;61.4629,23.78572
3563;Turtola;61.47755,23.83994
1530;Kokkolankatu;61.50288,23.63473
3166;Lahdesjärvi;61.45736,23.78387
3165;Perkiö;61.45546,23.78098
1531;Kokkolankatu;61.50214,23.6362
3564;Finninmäki;61.4649,23.86311
1535;Tesomajärvenkatu;61.50442,23.61906
1534;Tesomajärvenkatu;61.50469,23.61728
3566;Lukonmäki;61.46336,23.85769
3565;Finninmäki;61.46524,23.86411
3567;Lukonmäki;61.46316,23.85739
3568;Ammattikoulu;61.45854,23.85167
1532;Länsitori;61.50483,23.62961
3569;Ammattikoulu;61.45836,23.85152
1533;Länsitori;61.50448,23.62971
7607;Päivääniemi;61.29521,23.69937
7609;Prikoolinnokka;61.29628,23.69229
7603;Lomamökit;61.2986,23.7291
7601;Vesilahti th;61.29975,23.74644
7605;Toutosentie;61.29835,23.72337
1451;Prisma Lielahti;61.51884,23.6653
1075;Harjunsivu;61.51588,23.67061
1072;Harjuntausta 4;61.51457,23.67027
1071;Ryydynpohja;61.52705,23.65798
7625;Vesilahti;61.30985,23.61212
1066;Enqvistinkatu;61.51491,23.67269
7623;Vesilahden kirkko;61.30979,23.62143
2597;Partola;61.46927,23.71929
2598;Hatanpään koulu;61.47376,23.76415
1067;Enqvistinkatu;61.51395,23.67336
1068;Sellukatu;61.51711,23.66907
1069;Harjuntausta 7;61.51502,23.6689
2595;Kenkätie 3;61.46734,23.71872
2596;Metsolankatu;61.4628,23.75421
2591;Kenkätie;61.46577,23.7187
1065;Possilankatu 25;61.52629,23.66875
2592;Saapastie;61.46682,23.72156
1063;Possilanraitti;61.52754,23.67465
1064;Lintulamminkatu 4;61.52671,23.66883
1062;Itämäenkatu;61.52755,23.67791
2593;Saapastie;61.46705,23.72138
2594;Ilmailunkatu;61.46292,23.74444
1061;Possilankatu 15;61.52456,23.667
2590;Kenkätie;61.46576,23.71925
7621;Kirkkolahdentie;61.30477,23.62758
1060;Possilankatu 18;61.52527,23.66795
7611;Koirainmäki;61.29944,23.66399
2588;Sarankulmankatu 14;61.46628,23.7598
1058;Ritalankatu;61.52957,23.66017
7613;Kausala;61.29798,23.64763
2584;Kenkätie 6;61.46724,23.7183
2585;Metsolankatu;61.46257,23.75258
2587;Sarankulmankatu 14;61.46674,23.76067
1057;Viholankatu;61.53032,23.66504
1059;Ritalankatu;61.52978,23.6607
7615;Kesontie;61.2963,23.63818
1055;Kukkolankatu;61.52784,23.66755
7617;Kirkonkylän koulu;61.30071,23.62906
1056;Viholankuja;61.53043,23.66518
2586;Rukkamäki;61.45927,23.7459
7619;Tapolantie;61.30326,23.62776
7653;Kultasepäntie;61.4078,23.77025
7654;Suutarintie;61.40973,23.77532
3629;Muroleenkatu;61.45283,23.83688
7651;Kiilto;61.40857,23.76434
3627;Kanjoninkatu 5;61.45793,23.84411
7652;Kultasepäntie;61.40774,23.77095
2583;Ilmailunkatu;61.46276,23.74438
2582;Kenkätie 2;61.4694,23.71901
7650;Kiilto;61.40839,23.76479
3620;Kanjoninkatu 4;61.45807,23.844
2580;Peltolammin koulu;61.45438,23.74705
3625;Hervannan jäähalli;61.45621,23.83668
3624;Muroleenkatu;61.45275,23.83658
3622;Hervannan jäähalli;61.45633,23.83646
2576;Hatanpään sairaala;61.4853,23.7571
2577;Rukkamäentie 15;61.45171,23.74714
2579;Peltolammin koulu;61.45425,23.74746
3616;Näyttämönkatu;61.44253,23.86358
2578;Rukkamäentie 15;61.45149,23.74675
3615;Etelä-Hervanta;61.4445,23.87235
3618;Lavastajanpolku;61.4415,23.86791
2570;Toivionkatu;61.4621,23.71952
5410;Aitolahti kko;61.5453,23.89125
2571;Sarankulmankatu 25;61.45953,23.7467
3610;Insinöörinkatu 60;61.44685,23.85345
3612;Insinöörinkatu 82;61.44347,23.8579
2572;Toivionkatu 3;61.4614,23.72415
3614;Länsi-Hervanta;61.44799,23.83466
5409;Laalahti;61.54791,23.90534
5408;Laalahti;61.54781,23.90447
5403;Jokivalkamantie;61.55421,23.92808
2565;Ojatie;61.45575,23.72388
5400;Sorilan koulu;61.55469,23.93057
5401;Sorilan koulu;61.55483,23.93146
5402;Jokivalkamantie;61.5543,23.92737
2566;Ojatie;61.45606,23.72368
5407;Tervasuontie;61.55115,23.91044
5406;Tervasuontie;61.55126,23.91053
2568;Ruotutie 3;61.45894,23.71919
2569;Hatanpään puistokuja;61.48357,23.76089
5405;Hirsimoisio;61.55244,23.91551
5404;Hirsimoisio;61.55276,23.9174
2561;Ruotutie 8;61.45869,23.71926
3608;Sonninottanlahti;61.44067,23.844
3605;Arkkitehdinkatu 4;61.44215,23.85807
3604;Arkkitehdinkatu 9;61.44181,23.8515
3606;Arkkitehdinkatu 3;61.44208,23.85834
2560;Messukeskus B;61.46312,23.73325
3607;Lavastajanpolku;61.44173,23.86961
3603;Arkkitehdinkatu 14;61.44207,23.85196
3602;Arkkitehdinkatu 17;61.44059,23.84622
3601;Arkkitehdinkatu 36;61.44097,23.84704
2558;Valmetinkatu;61.47076,23.72505
2556;Hatanpään sairaala;61.48435,23.75743
2557;Toivionkatu;61.46254,23.71889
2554;Messukeskus A;61.46329,23.73325
2551;Pöytäsarankatu;61.4588,23.73023
7660;Taavetintie;61.41213,23.78547
2552;Nuutisarankatu 22;61.4615,23.7263
2550;Pöytäsarankatu;61.45889,23.7305
7662;Höytämö;61.41185,23.78921
7661;Taavetintie;61.41239,23.78364
2548;Keskuojankatu;61.4572,23.73302
2549;Keskuojanpolku;61.45675,23.73374
2544;Patamäenkatu 12;61.45676,23.73934
7656;Höytämöntie;61.41102,23.77792
2545;Patamäenkatu 9;61.45725,23.74058
7655;Suutarintie;61.40967,23.77485
7657;Höytämöntie;61.411,23.77715
7658;Paununlahti;61.41186,23.78104
2540;Sarankulmankatu 20;61.46093,23.75059
1003;Santalahti;61.50189,23.72542
2541;Sarankulmankatu;61.46079,23.7508
1002;Santalahti;61.50232,23.72573
1000;Onkiniemi;61.50235,23.73843
1001;Onkiniemi;61.50208,23.73835
1007;Rantatie;61.5037,23.72269
1006;Rantatie;61.50627,23.71454
5021;Rauhaniemi;61.51267,23.7849
5020;Koukkuniemi;61.51199,23.77878
1009;Venesatama;61.50592,23.71494
5024;Tammenlehväkeskus;61.50775,23.79103
5025;Tammenlehväkeskus;61.50766,23.79023
5022;Saukkola;61.50476,23.7872
5023;Kaupin sairaala;61.50714,23.7872
5018;Lapinniemen kylpylä;61.51054,23.77803
5017;Lapinniemen kylpylä;61.51039,23.77767
5015;Naistenlahti;61.50856,23.77733
1010;Hiedanranta;61.51068,23.68685
5019;Koukkuniemi;61.51221,23.7788
5030;Petsamo;61.505,23.8009
5029;Koljontie 31;61.50793,23.80024
5027;Koljontie 29;61.50837,23.79335
5026;Koljontie 62;61.50763,23.80119
1900;Kaarila;61.50195,23.65778
5028;Koljontie 74;61.50682,23.80391
5417;Pättinniemi th;61.54106,23.8679
5418;Lampu;61.53836,23.85463
5415;Ruokonen;61.54226,23.87888
5416;Pättinniemi th;61.54124,23.8686
5414;Ruokonen;61.54217,23.87767
5413;Ruokosenraitti;61.54384,23.88608
5411;Aitolahti kko;61.54489,23.89008
5042;Ali-Huikkaantie;61.50566,23.83504
5412;Ruokosenraitti;61.54359,23.88453
5044;Tenniskeskus;61.50522,23.84563
5040;Hoitokoti;61.50468,23.82663
5043;Tenniskeskus;61.50559,23.84448
5419;Lampu;61.53844,23.85439
5041;Ali-Huikkaantie;61.50577,23.83307
5038;Perhetukikeskus;61.50425,23.82295
5039;Hoitokoti;61.50477,23.82475
5421;Hirviniemi th;61.54231,23.86559
5420;Diabeteskeskus;61.53617,23.84051
5422;Hirviniemi th;61.54252,23.86567
5425;Aitoniemi;61.56371,23.82688
5055;Irjala;61.50004,23.86465
5057;Huikkaanaukio;61.49543,23.83927
5058;Huikkaanaukio;61.49543,23.83948
5048;Koilliskeskus;61.49708,23.88734
5065;Huikkaanaukio;61.49534,23.83806
5064;Takahuhdintie 46;61.49644,23.83199
5063;Takahuhdintie 37;61.49655,23.83202
5062;Takahuhdintie 20;61.49733,23.82749
5069;Takahuhdin koulu;61.4914,23.85563
5067;Takahuhdintie 65;61.4934,23.8479
5068;Takahuhdintie 86;61.49338,23.84758
5066;Huikkaanaukio;61.49518,23.83815
1047;Laatokantie;61.55509,23.662
1046;Ihaistenkatu;61.5377,23.67577
1045;Välisalonkuja;61.52654,23.66981
1044;Possilanraitti;61.52745,23.6728
2553;Nuutisarankatu 35;61.46137,23.72603
5061;Takahuhdintie 19;61.49765,23.82646
1049;Viirakatu;61.52243,23.66474
5074;Tanhuankatu 40;61.49155,23.86351
1052;Possilankatu 2-4;61.52285,23.66573
5073;Tanhuankatu 39;61.49149,23.86307
1051;Teivaalantie 31;61.52499,23.66042
1053;Teivaalantie 7;61.52202,23.66559
1054;Kukkolankatu;61.52843,23.66718
5078;Luhtaankatu 8;61.49672,23.87039
5079;Pienkodinkatu;61.49892,23.87438
5076;Tanhuankatu 48;61.49441,23.86454
1034;Vähäniemenkatu 28;61.52679,23.68796
5075;Tanhuankatu 59;61.49417,23.8645
5077;Luhtaankatu;61.49667,23.86987
1033;Vähäniemenkatu 25;61.52681,23.68942
1035;Federleynkatu;61.52318,23.68151
1037;Parrukatu;61.5291,23.67874
1039;Listakatu;61.53146,23.67668
1038;Isoniemenkatu;61.52831,23.67931
1040;Listakatu;61.53196,23.67672
1041;Papusenkatu;61.53329,23.67539
5071;Ristinarkku;61.49032,23.85805
5070;Takahuhdin koulu;61.49078,23.85592
1042;Papusenkatu;61.53342,23.67572
8887;Kaarina Maununtyttären tie 617;61.42873,23.99586
1043;Pohtola;61.53754,23.67524
8888;Ohtola;61.42171,23.98744
5089;Atanväylä;61.50465,23.9032
8889;Ohtola;61.42195,23.98792
5087;Aitolahdentie 75;61.50235,23.89884
5088;Atanväylä;61.50494,23.90466
5085;Atanpuisto;61.50042,23.89297
5086;Atanpuisto;61.50062,23.89419
1029;Pohtolankatu 25;61.52437,23.67719
5083;Nikinväylä 36;61.50205,23.92062
1028;Lentävänniemi;61.5306,23.70834
1027;Jänislampi;61.52838,23.70916
5080;Pienkodinkatu;61.49845,23.87439
1026;Jänislampi;61.52818,23.70912
5081;Koilliskeskus;61.49631,23.88855
5082;Atalankatu;61.50215,23.89881
1025;Männistönkuja;61.52712,23.70355
1024;Männistönkuja;61.527,23.70351
1031;Pohtolankatu 41;61.52688,23.67864
1023;Isoniemenkatu;61.52351,23.68722
8890;Klemola;61.41837,23.98748
8893;Killinmäki;61.41651,23.9853
8895;Kurunkyläntie;61.41199,23.97839
8892;Killinmäki;61.41628,23.98401
1030;Pohtolankatu 22;61.5239,23.67715
1032;Vetikonkatu;61.52625,23.67861
8891;Klemola;61.41868,23.98773
8894;Kurunkyläntie;61.4118,23.97697
8897;Savo;61.40933,23.9725
5099;Lautasenkatu;61.49997,23.83772
8898;Pääskyniementie;61.40533,23.97555
8896;Savo;61.40897,23.97173
8899;Pääskyniementie;61.40585,23.97526
5096;Ali-Huikkaantie 24;61.49806,23.83858
5095;Kumpula;61.51559,23.92947
1019;Lielahden koulu;61.52202,23.6744
5098;Lautasenkatu;61.50004,23.83792
5097;Kolarinkatu;61.49809,23.8471
5091;Nikinväylä;61.50894,23.91398
5092;Nikinväylä;61.50952,23.91522
1016;Lielahtikeskus;61.52026,23.67163
1015;Harjuntausta;61.51651,23.66423
1018;Lielahden koulu;61.52183,23.67479
5094;Ahola;61.51156,23.92007
1017;Lielahtikeskus;61.51982,23.66991
5093;Ahola;61.51144,23.91898
1012;Epilänharju;61.51238,23.67543
1011;Hiedanranta;61.51063,23.6849
5090;Nikki;61.50613,23.90933
1021;Harjuntausta 11;61.51641,23.66629
1013;Epilänharju;61.51154,23.67836
1014;Harjuntausta;61.51712,23.66571